 0.136
  0.04

 0.043
  0.06
  0.37
 1.352
 0.026
 0.022
 0.058
 0.029
 0.232
 0.354
 0.087
 0.154
 0.022
  0.12
 0.033
 0.259
 0.229
 0.025
 0.148
  0.32
 0.071
 0.087
 0.038
 0.456
  0.03
 0.093
  0.09
 0.026
 0.243
 0.019
  0.29
 0.041
  0.36
 0.083
 0.088
 0.323
 0.064
 0.362
 0.059
 0.291
  0.71
     1
 0.236

  0.16
 0.018
 0.319
 0.083
 0.256
 0.098
 0.142
 0.314
 0.039
 0.073
 0.422
 0.167
 0.029
 0.406
 0.056
 0.049
 0.082
 0.944
 0.946
 0.322
 0.015
 0.274
 0.236
 0.333
 0.076
 0.205
  0.04
  0.17
 0.081
  0.06
 0.246
 0.044
 0.197
 0.044
 0.082
 0.095
 0.045

 0.043
 0.154
 0.048
 0.065
  0.02
 0.035
  0.22
 0.072
 0.388
 0.029
 0.065
 0.063
 0.092
 0.135
 0.066
 0.197
 0.033
 0.188
 0.225
 0.045
  0.11
 0.073
 0.346
 0.102
 0.037
 0.037
     0
 0.019
 0.022
 0.342
 0.031
 0.228
 0.186
 0.108
 0.189
 0.059
 0.129
 0.207
 0.039
 0.001
 0.232
 0.036
 0.234
 0.014
 0.042
 0.097
 0.937
 0.036
 0.064
 0.466
 0.717
 0.598
 0.006
 0.017
 0.149
 0.187
  0.07
 0.199
 0.151
 0.619
 0.168
 0.706
 0.164
 0.021
 0.146
  0.78
 0.348
 0.276
 0.016
 0.056
 0.091
 0.185
  0.56
 0.683
 0.454
 0.315
 0.015
 0.287
  0.32
 0.051
 0.188
 0.323
  0.22
  0.06
 0.118
 0.144
 0.197
  0.38
 0.083
 0.211
 0.085
  0.24
  0.38

 0.066
 0.256
 0.041
  0.34
  0.24
 0.058
   0.4
  0.35
  0.06
 0.001
  0.38
 0.181
 0.347
  0.23
 0.069
  0.35
  0.39

 0.323
 0.353
 0.011
  0.37
  0.29
 0.054
 0.043
  0.34
  0.29
 0.157
  0.39
  0.37
 0.052
  0.47
  0.05
 0.054
 0.012
  0.38
 0.074
  0.12
  0.33
  0.39
 0.284
  0.38
 0.017
 0.021
 0.016
 0.044
 0.056
 0.071
  0.05
 0.388
  0.35
  0.31
  0.36
 0.056
  0.49
 0.594
 0.033
 0.058
 0.156
 0.048
 0.088
 0.087
 0.072
  0.09
 0.023
  0.29
 0.565
  0.34
 0.078
  0.41
 0.135
 0.054
  0.38
  0.33
 0.221
 0.053
 0.016
 0.176
  0.36
   0.3
 0.019
  0.35
 0.138
 0.016
 0.221
 0.036
 0.078
  0.34
  0.55
  0.38
  0.22
 0.045
  0.36
 0.017
  0.06
  0.34
  0.34
  0.32
 0.042
 0.047
 0.017
  0.33

  0.03
   0.2
  0.06
 0.204
 0.113
 0.027
 0.017
 0.078
 0.012
 0.015
 0.255
 0.005
 0.036
 0.015
 0.001
 0.147
 0.046
  0.03
  0.07
 0.079
 0.057
 0.333
  0.15
 0.041
 0.048
  0.24
 0.087
 0.203
 0.065
  0.08
 0.151
 0.119
 0.003
  0.03

 0.017
 0.027
 0.175
 0.149
 0.102
 0.231
  0.08
  0.31
  0.12
  0.17
 0.107
 0.017
 0.055
  0.11
  0.31
 0.017
 0.033
  0.29
 0.399
  0.35
 0.313
  0.08
 0.017
 0.082
  0.19
  0.35
 0.075
 0.066
 0.217
  0.14
 0.079
 0.066
 0.018
 0.078
 0.765
 0.013
 0.158
 0.335
 0.218
 0.021
 0.074
 0.072
 0.125
  0.02
 0.043
 0.019
 0.023
 0.042
  0.34
 0.058
  0.48
 0.014
 0.049
 0.046
  0.22
 0.023
 0.107
 0.131
 0.044
   0.1
 0.281
 0.027
  0.16
 0.147
 0.168

  0.35
  0.02
 0.073
 0.089
  0.29
 0.029
 0.287
 0.041
   0.2
 0.114
 0.184
 0.035
 0.029
  0.31
 0.034
  0.23
 0.057
 0.322
 0.096
 0.005
 0.285
 0.115
 0.016
 0.058

 0.016
 0.025
 0.017
 0.022
 0.038
 0.043
 0.079
  0.41
 0.158
 0.435
  0.62
 0.045
 0.024
 0.209
 0.063
 0.062
 0.401
 0.005
 0.068
 0.028
  0.01
 0.003
 0.038
 0.102
 0.359
 0.078
  0.17
   0.5
 0.201
 0.126
 0.088
 0.201
 0.058
 0.004
 0.036
 0.045
  0.02
 0.062
 0.031
 0.017
 0.339
 0.018
 0.193
 0.194
 0.198
 0.399
 0.231
   0.3
 0.051
 0.011
 0.175

 0.531
 0.029
 0.141
 0.531
 0.033
 0.016
 0.177
 0.068
 0.282
 0.113
 0.199
 0.197
 0.257
 0.102
 0.012
  0.42
 0.032
  0.03
 0.198
 0.011
 0.184
 0.016
 0.383
 0.043
 0.249
 0.089
 0.013
 0.058
 0.031
 0.146
 0.198
 0.028
 0.035


 0.256
 0.068
 0.207
  0.08
 0.013
  0.02
 0.161
  0.24
 0.136
 0.027
  0.45
  0.28

  0.13
  0.25
 1.262
 0.131
 0.126
 0.023
 0.023
 0.464
 0.409
 0.808
 0.067
 0.636
 1.254
 0.981
 0.854
  0.49
  0.69
 0.636
 0.806
  0.29
  0.13
 0.538

 0.078
 0.058

 0.044
 0.062
 0.009
 0.018
 0.058
 0.015
 0.032
 0.276
 0.031
 0.163
 0.029
 0.214
 0.058
  0.02
 0.043
 0.105
 0.139
 0.006
 0.013
 0.064
   0.6
 0.064
 0.002
 0.321
 0.123
  0.04
 0.043
 0.036
 0.035
   0.9
 0.113
 0.042
 0.025
  0.66

  1.09
 1.142
  1.08
 0.015
 0.284
 1.091
 0.598
 0.185
 0.377
  0.55
 0.097
 0.389
  0.19
  1.41
 0.397
 0.043
 0.031
  0.49
 0.244
 0.339
 0.111
 0.065
 0.066
 0.058
 0.069
 0.322
  0.17
 0.048
 0.036
 0.028
 0.041
 0.031
 0.105
 0.153
 0.095

 0.426
 0.056
  0.12
 0.054
 0.049
 0.032
 0.089
 0.091
 0.019

 0.094
 0.306
 0.037
 0.152
 0.059
 0.048
 0.004
 0.126
 0.181

 0.043
 0.271
 0.046
 0.044

 0.161
 0.016
 0.016
 0.064
 0.047
  0.04
 0.034
 0.018
 0.033
 0.015
 0.068
 0.061

 0.035
 0.294
  0.07
 0.058

  0.52
 0.073
 0.015
 0.196
 0.041
 0.279
 0.147
 0.004
  0.12
 0.095
 0.044
 0.078
 0.145
 0.015
 0.023
  0.06
 0.028
 0.118
 0.013
 0.014
 0.059
 0.016
  0.03
 0.019
 0.018
 0.128

 0.041
 0.016
 0.064
 0.128
  0.12
 0.162
 0.038
 0.003
 0.102
 0.175
 0.146
 0.019
 0.017
 0.016
 0.306
 0.127
 0.194
 0.033
 0.049
 0.048
 0.013
 0.034
 0.042
  0.26
 0.151
 0.049
 0.044
 0.077
 0.028
 0.035
 0.077
  0.16
  0.33
  0.27
 0.012
  0.22
 0.099
 0.025


 0.075
 0.072
 0.007
  0.02

 0.142
 0.034
 0.063
 0.038

 0.038
 0.014
 0.046
  0.02
  0.13
 0.039
 0.047
  0.04
 0.048
 0.012
 0.065
 0.056
 0.034
 0.006
 0.019
 0.021
  0.02
 0.238
 0.029
 0.044
 0.041
 0.518
 0.056
 0.103
 0.005
 0.122
 0.061
 0.047
 0.038
  0.08
 0.218
 0.087
 0.007
 0.064
 0.125
 0.111
 0.066
 0.039
 0.034
 0.039
  0.14
 0.045
 0.117
 0.087
 0.176
 0.034
 0.022
 0.038
 0.119
 0.379
 0.015
  0.03
 0.174
 0.132
  0.03
 0.082
 0.034
 0.025
 0.069
 0.013
 0.034
  0.06
 0.059
 0.041
 0.023
  0.11
 0.094
   0.3
 0.144
 0.039
 0.028
 0.055
 0.027
 0.431
 0.624
 0.018
 0.066
 0.125
 0.081
 0.086
 0.017
 0.049
 0.231
  0.09
 0.032
 0.097
 0.083
 0.285
 0.127
  0.04
 0.063
 0.055
 0.091
 0.295
  0.05
 0.329
 0.283
 0.392
 0.049
 0.271
 1.032
 0.207
 0.028
 0.032
 0.064
 0.039
 0.011
 0.053
  0.15
 0.144
  0.27
   1.1
  0.05
 0.463
 0.086
 0.056
 0.045
 0.066
 0.366
 0.086
 0.087
 0.014
 0.134
 0.063
 0.209
 0.197
 0.194
 0.183
 0.003
 0.194
 0.409
 0.596
 0.064
 0.325
 0.013
 0.065
 0.014
 0.215
 0.005
  0.26
 0.092
 0.153
 0.528
 0.066
 0.149
 0.013
 0.243
 0.083
  0.36
 0.058
 0.305
 0.176
 0.047
 0.054
 0.098
 0.071
 0.293
 0.174
 0.129
 0.242
  0.05
 0.253
 0.297
 0.084
 0.118
 0.005
  0.01
 0.008

 0.073
 0.297
 0.237
 0.055
 0.029
 0.146
  0.21
  0.12
 0.003
 0.122
  0.02
 0.227
 0.174
 0.248
 0.054
 0.226
 0.042
 0.002
  0.05

 0.161
 0.058
 0.027
 0.033
 0.056
  0.07
 0.425
  0.23
 0.245
 0.036
 0.186
 0.158
 0.028
 0.063
 0.049
 0.025
 0.058
 0.351
  0.06
 0.387
  0.01
 0.152
 0.167
 0.044
 0.047
  0.07
 0.238
  0.04
 0.065
 0.051
 0.131
 0.066
   0.1
 0.009

 0.214
 0.117
 0.137
 0.191
   0.2
 0.015
 0.024
 0.107
 0.205
 0.076
 0.197
 0.818
 0.068
 0.394
 0.095
 0.128
 0.013
 0.013
 0.008

 0.033
 0.074
 0.225
 0.008
 0.009
 0.086
 0.293
 0.025
 0.056
 0.307
  0.28
 0.083
 0.363
 0.004
 0.307
 0.023
 0.082
  0.25
 0.005
 0.019
 0.083
 0.108
     0
 0.042
 0.283
  0.74
 0.194
 0.088
 0.072
 0.067
 0.058
 0.003
 0.007

 0.035
 0.044
 0.072
 0.393
  0.04
 1.154
 0.352
 0.185
 0.004
 0.055
 0.181
 0.143
 0.023
 0.334
  0.01
 0.458
 0.082
 0.154
 0.098
 0.086
 0.151
 0.149
 0.034
 0.054
 0.032
 0.057
 0.322
 0.144
 0.066
 0.075
 0.202
 0.028
  0.07
 0.068
 0.003
 0.058
 0.313

 0.188
 0.009
  0.01
 0.045
 0.004
 0.057
  0.08
 0.079
 0.152
 0.124
  0.19
 0.039
  0.34
 0.024
 0.387
  0.25
 0.047
 0.232
 0.062
 0.254
 0.058
 0.077
 0.034
 0.144
 0.004
 0.003
 0.078
 0.013
 0.039
 0.045
 0.063
 0.421

 0.151
 0.034
 0.059
  0.06
 0.014
 0.052
 0.052
 0.024
 0.258
 0.094
 0.087
  0.08
 0.123
  0.06
  0.25
 0.011

  0.04

  0.03
 0.336

 0.051
 0.248
 0.042
  0.06
 0.245
 0.092
  0.03
 0.012
 0.171
  0.02
 0.007
 0.174
   0.1
 0.064
 0.063
 0.003
 0.081
 0.139
  0.34
 0.036
 0.067
 0.419
  0.09
 0.716
   0.7
   0.5
 0.128
 0.026
 0.033
 0.192
   0.6
 0.028
 0.698
 0.003
 1.045
 0.068
 0.057
  0.01
  0.37
 1.252
 0.247
 0.026
 0.077
 0.203
 0.012
 0.497
  0.29
 0.041
  0.52
 0.033
 0.062
 0.161
  0.04
  0.23
 0.051
 0.035
 0.039
 0.087

  0.12
 0.051
 0.184
 0.066
 0.497
 0.149
 0.019
 0.093
 0.126
 0.036
 0.028
 0.029
 0.064
 0.022
 0.122
 0.034
 0.089
 0.019
 0.005
 0.006
 0.176
 0.053
 0.009
 0.033
 0.237
 0.055
 0.054
 0.279
 0.073
 0.315
 0.038
 0.024
 0.052
 0.061
 0.028
  0.07
 0.083
  0.01
 0.142
 0.136
 0.111
  0.03
 0.019
 0.371
  0.03
 0.187
 0.076
 0.248
   0.2
 0.092
  0.07
  0.06
 0.024
 0.106
 0.044
 0.034
 0.027
 0.036
  0.16
 0.298
 0.002
 0.275
 0.057
 0.032
 0.049
 0.076
 0.005
 0.077
 0.418
 0.069
 0.234
 0.011
 0.109
 0.014
   0.2
 0.108
 0.049
  0.02
 0.048
 0.032
 0.106
 0.092
 0.023
 0.271
  0.01
 0.051
 0.052
  0.06
   0.1
 0.036
 0.096
 0.025
 0.043
 0.042
 0.003
 0.027
 0.093
 0.104
 0.082
 0.075
  0.18
 0.001
 0.051
 0.039
 0.009
  0.03

  0.19
 0.017
 0.213
 0.116
 0.027
 0.114
 0.009
  0.06
  0.14
 0.032
 0.102
  0.01
  0.01
 0.397
 0.098
 0.115
 0.116
  0.02
  0.15

 0.114

 0.223
 0.033
 0.105
 0.208
 0.216
 0.114
  0.04
 0.031
 0.057
 0.021
 0.328
  0.06
 0.033
 0.133
 0.023
  0.04
 0.074
 0.074
 0.049
 0.096
 0.151
 0.027
  0.44
 0.028
 0.482
  0.13
 0.087
 0.114
 0.047
 0.054
 0.053
 0.049
  0.13
 0.039
 0.269
 0.065
  0.15
 0.024
 0.055
 0.004
 0.258
 0.136
 0.061
 0.418
 0.003
 0.338
  0.01
 0.004
 0.397
 0.259
 0.031
 0.215
 0.103
 0.565
 0.066
 0.062
 0.133
 0.062
 0.019
 0.005
 0.024
 0.065
 0.021
 0.002
 0.065
 0.002
 0.078
 0.137
 0.022
 0.024
 0.054
  0.38
 0.245
 0.039
 0.054
 0.003
 0.371
 0.053
 0.187
 0.003
 0.102
 0.066
 0.105
 0.182
 0.024
 0.145
 0.128
 0.003
 0.006
 0.023
 0.022
 0.065
 0.049
 0.085
 0.016
 0.024
 0.217
 0.004
 0.149
 0.008
 0.064
 0.063
 0.138
 0.265
 0.031
 0.064
 0.354
 0.115
 0.062
 0.402
  0.04
 0.007
 0.139
 0.139
 0.529
 0.398
 0.221
 0.048
 0.072
  0.05
 0.012
 0.118
  0.29
 0.087
 0.002
 0.064
  0.04
  0.04
 0.183
  0.08
  0.07
 0.108
 0.058
 0.451
 0.002
 0.067
  0.11
 0.123
 0.665
 0.094
  0.07
  0.31
 0.005
 0.185
 0.185
 0.083
 0.084
 0.103
 0.023
 0.018
 0.081
 0.307
 0.031
 0.431
 0.368
 0.168
 0.044
 0.072
 0.076
 0.005
 0.007
 0.008
 0.001
 0.006
 0.067
  0.07
 0.381
 0.025
 0.051
 0.007
 0.153
 0.086
 0.083
 0.004
 0.085
 0.044
 0.168
 0.006
  0.15
 0.254
   0.1
 0.261
 0.044
 0.054
 0.061
 0.094
 0.181

  0.04
 0.004
 0.116
 0.274
 0.102
 0.208
 0.007
 0.064
 0.209
 0.165
 0.313
 0.081

 0.292
 0.032
 0.046
  0.03
 0.084
 0.191
 0.012
 0.228
 0.211
 0.231
 0.417
 0.588
 0.003
  0.01
 0.028
 0.004
  0.24
  0.02
  0.08
 0.202
 0.788
  0.15
  0.82
 0.021
 0.005
 0.122
 0.866
 0.061
  0.07
 0.823
 0.713
 0.208
 0.727
 0.049
 0.166
 0.009
 0.418
  0.24
 0.032
 0.002
 0.116
 0.096
  0.32
 0.188
 0.011
 0.023
 0.053
 0.045
 0.082
  0.07
 0.001
 0.314
 0.026
  0.19
 0.087
  0.17
 0.065
 0.365
 0.048
 0.206
 0.096
 0.088
 0.004
 0.066
 0.027
 0.147
 0.089
  0.09
 0.182
 0.004
 0.299
 0.021
 0.048
  0.15
 0.206
 0.237
 0.237
 0.184
 0.305
 0.186
  0.03
 0.001
 0.015
 0.014
 0.114
 0.065
 0.016
 0.097
 0.012
 0.766
 0.042
 0.295
 0.196
 0.069
 0.058
 0.158
 0.221
  0.05
 0.359
  0.42
 0.041
  0.22
 0.016
 0.001
 0.139
 0.146
 0.055
 0.325
  0.05
  0.28
  0.19
 0.183
  0.01
  0.12
 0.259
  0.16
 0.033
 0.324
 0.038
   0.3
 0.052
 0.092
 0.323
 0.029
 0.016
 0.024
 0.243
 0.095
 0.022
  0.18
  0.51
 0.022
 0.067
 0.586
 0.083
  0.06
 0.086
 0.046
  0.02
 0.036
 0.206
 0.329
 0.003
  0.01
 0.002
 0.369
 0.279
 0.015
  0.26
 0.036
  0.01
  0.29
 0.009
 0.184
  0.65
  0.26
  0.53
  0.18
 0.332
  0.52
  0.71
  0.59
 0.403
  0.65
   0.5
   1.3
  1.47
  0.98
  0.92
  0.94
  0.96
  0.73
  0.61
  0.67
  0.75
  0.77
 0.014
  1.14
 0.111
  0.95
  0.44
  0.24
  1.46
  0.42
  0.45
 0.194
  0.01
   1.3
  0.21
  1.33
  0.95
 0.114
  0.32
 0.032
  0.44
 0.079
 0.561
 0.003
 0.153
 0.029
 0.415
  0.11
 0.329
 0.346
  0.04
  0.06
 0.247
 0.063
 0.023
   0.1
  0.06
 0.034
 0.001
 0.303
 0.077
 0.003
 0.112
 0.055
 0.071
 0.031
 0.051
  0.31
 0.037
   0.1
  0.15
 0.048
  0.09
 0.138
 0.019
  0.27
 0.061
 0.013
 0.059
 0.104
 0.126
 0.099
 0.062
 0.008
 0.067
 0.067
 0.135
   0.1
  0.07
 0.045
 0.017
 0.062
 0.092
 0.064
  0.05
 0.094
 0.053
 0.052
 0.391
 0.089
 0.201
  0.07
 0.017
 0.072
 0.089
 0.065
 0.074
 0.013
 0.143
 0.093
 0.361
 0.197
   0.2
 0.179
  0.17
 0.041
 0.034
 0.086
 0.222
 0.183
 0.063
 0.047
 0.029
 0.057
 0.222
 0.093
 0.001
 0.091
 0.241
 0.027
 0.086
 0.035
 0.032
 0.022
 0.215
 0.148
 0.013
 0.061
 0.009
 0.034
 0.023

 0.061
 0.107
 0.008
  0.56
 0.271
  0.18
 0.164
 0.344
 0.136
  0.46
  0.08
  0.02
 0.082
 0.022
 0.028
 0.028
 0.342
   0.5
 0.486
 0.035
  0.24
 0.249
 0.001
 0.327
 0.247
 0.707
 0.335
  0.28
 0.065
 0.009
 0.027
 0.041
 0.042
 0.237
 0.393
 0.463
 0.085
 0.063
  0.53
 0.003
 0.148
  0.08
 0.078
 0.169
 0.378
 0.088
 0.247
 0.136
 0.038
 0.667
 0.228
 0.212
 0.254
 0.087
  0.35
 0.099
 0.037
 0.398
 0.076
 0.073
  0.37
 0.222
 0.032
 0.023
 0.023
 0.016
 0.121
 0.052
 0.057
 0.038
  0.13
 0.059
 0.063
 0.016
 0.033
 0.065
 0.065
 0.012
 0.355
 0.134
 0.065
  0.06
 0.052
 0.027
 0.031
  0.06
 0.104
 0.063
 0.008
 0.062
  0.06
 0.055
 0.052
 0.061
 0.122
 0.367
 0.071
 0.007
 0.051
 0.051
 0.051
 0.051
 0.216

 0.035
 0.134
 0.035
 0.189
 0.034
  0.03
 0.006
 0.072
 0.304
 0.054
 0.431
 0.025
 0.027
 0.066
 0.021
 0.236
 0.061
 0.136
 0.009
 0.089
 0.368
 0.183
 0.082
 0.457
 0.091
 0.236
 0.077
 0.373
  0.06
 0.024
 0.024
 0.051
 0.216
 0.072
 0.072
 0.467
 0.017
 0.062
 0.199
 0.068
 0.451
 0.066
  1.29
 0.467
 0.473
 0.424
 0.394
 0.094
 0.068
 0.071
 0.007
 0.136
 0.226
 0.008
 0.168
 0.035
 0.136
 0.139
   0.2
 0.104
 0.036
 0.141
 0.037
 0.142
 0.466
 0.036
 0.088
  0.56
 0.479
 0.184
 0.198
 0.017
 0.069
 0.189
 0.026
 0.119
 0.071
 0.044
 0.064
  0.09
 0.071
 0.026
 0.072
 0.348
 0.089
 0.072
 0.053
 0.131
 0.114
  0.16
 0.034
 0.117
 0.073
 0.173
 0.008
  0.06
 0.072
 0.041
 0.358
  0.22
 0.074
 0.043
 0.253
 0.014
 0.102
 0.239
 0.045
 0.046
 0.014
 0.003
 0.202
 0.089
 0.175
 0.211
 0.025
 0.074
 0.152
 0.025
 0.041
 0.166
 0.038
 0.074
 0.074
 0.033
 0.075
  0.14
 0.101
 0.014
 0.081
 0.073
 0.333
 0.214
 0.074
 0.074
 0.038
 0.134
 0.135
 0.009
 0.141
 0.011
 0.199
  0.15
 0.289
  0.09
 0.011
 0.029
 0.054
 0.081
 0.008
 0.899
 0.082
 0.212
 0.037
  0.07
 0.074
 0.199
 0.254
 0.078
 0.161
 0.021
 0.028
 0.205
 0.036
 0.359
 0.087
   0.3
 0.102
  0.07
  0.07
  0.07
 0.059
 0.246
 0.035
 0.125
 0.386
  0.04
  0.08
 0.038
 0.037
 0.062
 0.048
 0.094
 0.032
 0.031
 0.191

 0.169
 0.114
 0.079
 0.036
 0.366
 0.413
 0.169
 0.036
 0.674
 0.235
 0.065
 0.022
  0.06
 0.042
 0.095
 0.094
 0.247
 0.058
 0.054
 0.045
 0.184
 0.075
 0.036
 0.334
 0.034
 0.461
 0.043
 0.089
 0.109
 0.044
 0.222
 0.228
 0.134
 0.039
 0.246
 0.024
 0.008
 0.133
 0.145
 0.052
 0.035
 0.032
  0.02
 0.019
  0.04
  0.21
 0.078
 0.557
 0.079
 0.752
 0.065
 0.826
 0.031
 0.057
 0.412
 1.294
 0.677
 0.229
 0.029
 0.578
 0.742
 0.125
 0.073
 0.765
 0.079
  0.24
 0.078
 0.142
 0.196
 0.036
 0.214
 0.079
 0.008
 0.126
 0.156
 0.051
 0.035
 0.048
 0.033
 0.096
 0.038
 0.219
 0.065
  0.09
 0.023
 0.156
 0.129
 0.007
 0.018
 0.074
 0.025
  0.02
  0.03
  0.02
 0.068
 0.369
 0.038
  0.28
 0.038
  0.03
 0.023
 0.008
 0.023
 0.273
 0.129
 0.072
 0.329
 0.032
  0.23
 0.031
 0.077
 0.033
 0.098
 0.025
 0.059
  0.22
  0.07
 0.177
 1.206
  0.08
 0.286
  0.03
 0.098
 0.071
  0.06
 0.128
 0.063
 0.039
 0.035
 0.071
 0.026
 0.035
 0.136
 0.135
 0.055
 0.234
 0.181
 0.149
  0.03
 0.035
 0.034
 0.406
  0.08
 0.071
  0.06
  0.07
 0.097
  0.09
 0.052
 0.031
 0.065
 0.219
 0.368
 0.096
 0.087
 0.072
 0.104
 0.534
  0.29
 0.462
 0.087
 0.051
 0.089
 0.034
 0.072
 0.357
 0.105
 0.183
  0.26
  0.06
 0.034
 0.169
 0.071
 0.087
  0.36
 0.549
 0.097
 0.096
 0.091
 0.141
 0.097
 0.019
 0.118
 0.028
 0.004
   0.1
 0.165
 0.037
 0.032
 0.038
 0.109
 0.194
  0.06
 0.034
 0.019
 0.021
 0.034
  0.04
 0.063
  0.03
 0.133
 0.178
  0.27
 0.056
 0.272
 0.109
 0.026
 0.038
  0.03
 0.087
  0.19
  0.25
 0.024
 0.005
 0.031
 0.136
 0.116
 0.115
 0.009
 0.139
  0.32
  0.46
 0.146
  0.18
  0.03
 0.016
 0.059
  0.44
  0.37
 0.028
  0.15
  0.02
  0.14
 0.751
 0.368
  0.03
 0.434
 0.342
 0.162
 0.145
 0.075
 0.038
 0.049
 0.106
 0.241
 0.079
 0.205
 0.009
 0.055
 0.135
 0.004
 0.024
 0.044
 0.069
 0.194
 0.053
  0.09
 0.032
 0.128
 0.036
 0.164
 0.053
 0.034
  0.06
 0.284
 0.031
 0.028
 0.572
  0.08
 0.119
 0.113
  0.06
 0.102
 0.174
 0.137
 0.036
  0.89
 0.003
 0.025
 0.198
 0.043
  0.04
 0.014
 0.175
 0.052
 0.129
 0.028
 0.027
 0.024
 0.075
 0.024
 0.098
 0.017
 0.029
 0.118
 0.061
  0.06
 0.037
 0.186
 0.033
 0.054
 1.226
 0.041
 0.063
 0.156
 0.053
 0.063
 0.062
 0.039

  0.01
 0.026
  0.19
  0.18
 0.018
 0.117
 0.017
  0.23
  0.16
 0.041
 0.042
 0.058
 0.065
 0.016
 0.161
  0.06
 0.059
 0.019
 0.013
 0.014
 0.057
 0.011
 0.014
 0.046
 0.074
 0.015
 0.018
 0.009
 0.062
 0.029
 0.042
 0.176
 0.027
 0.008
 0.371
 0.089
 0.049
 0.037
 0.059
  0.07
 0.017
 0.231
 0.011
 0.003
  0.04
 0.019
 0.183
 0.019
 0.452
 0.006
 0.019
 0.303
 0.059
 0.056
 0.037
  0.05
 0.047
 0.025
 0.238
 0.015
 0.047
 0.054
 0.129
  0.06
 0.008
 0.016
 0.019
 0.227
 0.056
  0.06
 0.019
 0.193
 0.034
 0.019
 0.009
 0.051
 0.008
 0.006
 0.137
 0.142
 0.183
 0.274
 0.027
 0.015
 0.012
  0.04
 0.181
 0.041
  0.06
 0.011
 0.053
 0.062
 0.032
 0.036
 0.026
 0.043
 0.069
 0.069
 0.052
 0.067
 0.246

 0.024
 0.026

 0.027
 0.098
 0.205
  0.05
 0.092
 0.051
 0.148
 0.086
 0.049
   0.5
 0.168
 0.067
 0.092
 0.092
 0.161
 0.052
 0.767
 0.102
 0.247
 0.332
 0.298
  0.52
 0.048
 0.032
 0.677
 0.388
 0.257
 0.288
 0.242

 0.451
 0.366
 0.297
 0.257
 0.182
 0.168
 0.522
  0.09
 0.273
 0.368
 0.094
  0.09
 0.544

 0.356

 0.299
 0.744
 0.228
 0.186
  0.61
   0.2
  0.07
 0.244
 0.253
 0.059
 0.476
 0.669
 0.178
  0.21
 0.311
 0.466
 0.137
 0.489
 0.249
 0.568
 0.031
 0.037
  0.25
 0.234
 0.524
 0.401
 0.018
 0.139
 0.227
 0.156
 0.189
 0.102
 0.016
 0.223
 0.007
  0.26
 0.098
 0.115
 0.028
  0.54
 0.028
  0.22
  0.36
  0.41
  0.45
 0.725
 0.018
 0.028
 0.033
 0.475
 0.008
  0.28
 0.064
 0.028
 0.066
  0.23
  0.01
 0.623
 0.446
 0.165
 0.163
 0.064
 0.026
 0.231
 0.332
  0.09
 0.059
 0.004
 0.177
  0.16
 0.045
 0.065
 0.023
 0.006
 0.087
  0.01
 0.452
 0.047
 0.013
  0.44
 0.006
 0.488
  0.07
 0.082
 0.079
 0.239
 0.034
 0.054
 0.183
 0.039
  0.33
 0.041
 0.041
  0.37
  0.06
 0.074
 0.117
 0.148
 0.314
  0.34
 0.254
 0.093
  0.12
 0.209
 0.243
  0.06
 0.092
 0.177
 0.041
  0.06
 0.158
 0.058
 0.057
 0.218
 0.069
 0.139
  0.31
 0.028
  0.22
 0.022
  0.33
 0.041
  0.18
 0.164

  0.15
 0.141
 0.043
 0.038
 0.209
 0.271
 0.198
 0.058
 0.005
 0.022
 0.238
 0.261
 0.089
 0.405
 0.025
 0.295
 0.033
 0.384
  0.06
 0.025
 0.494

 0.025
 0.024
 0.025
  0.06
  0.12

 0.198
 0.163
 0.009
 0.117
 0.033
  0.09
 0.284
 0.043
  0.31
 0.233
 0.072
 0.068

 0.044
 0.028
 0.006

 0.065
 0.146
 0.105
 0.005
 0.039
 0.034
 0.048
 0.027
 0.032
  0.01
 0.067
 0.016
 0.053
 0.006
 0.025
 0.032
 0.064
 0.129
 0.017
  0.04
 0.007
 0.031
  0.03
 0.042
 0.066
 0.206

 0.175
 0.042
 0.193

 0.174
 0.005
 0.071
 0.055
 0.063
 0.284
 0.089
 0.044
 0.027
 0.005
  0.27
 0.165
 0.035
 0.024
 0.005
 0.043
 0.005
 0.029
  0.02
 0.118
   0.3
 0.264
 0.082
 0.036
 0.145
 0.124
 0.394

 0.013
 0.029
 0.012
 0.016
 0.017
 0.032
 0.283
 0.021
 0.137
  0.03
 0.031
 0.019
 0.057
  0.19
 0.048

 0.058

 0.009
 0.085
  0.27
 0.171
 0.251
 0.251
 0.051
 0.085
 0.034
 0.038
 0.024
 0.735
 0.007
 0.198
  0.19
  0.06
 0.041
 0.071
 0.026
   0.4
 0.138
 0.631
 0.062
 0.031

 0.072
 0.185
  0.42
 0.358
 0.069
  0.09
 0.045
 0.053
 0.053
 0.212
 0.038
 0.074
  0.17
 0.233
  0.43
 0.335
 0.062
  0.41
  0.29
 0.277
 0.031
  0.37
  0.04
 0.023
 0.342
 0.071
 0.163
 0.096
  0.09
