 0.508
 0.479
  1.45
 1.275
  0.59
  0.81
  1.07
 0.949
  1.92
 2.044
   3.1
 0.724
  0.78
  2.75
 1.872
 3.234
 0.867
 2.897
  2.12
  2.19
  2.14
 2.818
  2.78
  2.37
  2.03
  1.32
  0.81
  2.67
  1.57
  0.81
  2.99
  1.36
  1.58
  1.74
 1.073
 2.803
 1.684
 2.384
  2.31
 2.827
  0.31
   2.2
 1.465
 4.111
  2.22
   1.7
  2.19
  2.59
  2.22
 3.241
   1.3
  2.19
  2.24
 1.364
  2.49
  2.03
  2.34
  2.26
  1.55
   1.3
  2.25
  2.01
 1.459
  2.04
  1.84
  1.38
  2.23
 2.758
   2.2
  2.26
 0.432
  2.18
 0.514
  2.22
  1.71
  1.37
  2.18
 1.146
  0.44
   1.9
  2.69
  2.04
  2.16
  1.72
  0.84
  2.13
  2.23
  1.99
  1.56
  1.76
 0.234
  1.65
  1.83
  1.68
  0.45
 0.388
  1.87
  1.85
  1.56
  1.86
 1.037
  0.94
  2.24
  2.29
  2.35
 2.898
  1.72
 0.886
  3.09
 0.317
  2.09
  2.03
  2.22
  1.71
   0.3
 1.095
  0.82
  1.41
  1.49
  1.64
  1.88
 0.263
  1.85
  0.61
  0.85
 1.302
 2.091
  1.25
  1.83
  0.84
 1.515
  1.99
 2.348
 0.698
 1.765
 2.948
  2.47
  0.77
  2.03
  2.67
  2.31
 0.588
  0.34
  0.39
 0.743
 1.537
 1.601
  2.09
 1.994
 3.084
 1.093
  2.29
  2.28
 1.998
 1.072
 2.642
 2.103
  0.51
 0.587
  0.58
   1.5
  2.14
 1.611
 0.433
 1.061
  2.24
 2.145
 0.326
 0.363
 3.076
 0.256
 1.704
  1.22
  2.22
 1.559
 1.464
 0.647
 1.701
 1.683
  3.17
  0.98
   1.6
 1.547
 1.249
 2.086
 1.641
 1.665
 1.574
 1.947
 1.086
 3.387
 2.347
   2.2
  0.78
 1.862
  1.08
  2.11
  1.24
   2.2
 2.469
  0.69
 1.149
   2.3
 0.554
  3.19
  2.19
  2.27
 2.309
 0.284
 1.781
 1.134
  1.94
  1.55
 0.401
 2.018
  2.86
 1.115
     2
  1.34
  2.29
 0.618
 2.596
 1.835
 1.246
 0.661
 1.588
  4.52
  2.28
  1.04
 0.575
   2.2
     2
 2.125
 2.005
 0.691
  0.58
  1.46
 0.727
 0.423
  2.63
 1.798
 1.998
  2.05
 1.633
 0.495
 1.175
 0.422
 0.067
 2.293
 0.771
 1.356
 2.826
 1.091
 0.404
  1.49
 0.776
 1.946
 1.902
 1.354
  2.22
 0.959
  2.42
 1.108
 1.228
  1.06
 2.076
  0.86
 1.173
 0.939
 1.894
 1.604
 1.985
 0.142
  1.95
 0.322

 2.333
 1.588
   1.6
  0.28
  4.21
  1.97
  2.31
 1.468
  1.66
  2.26
  2.55
 0.672
 2.007
 2.081
 0.543
 0.963
 0.896
 1.732
 2.222
 2.383
  2.65
 3.262
 1.982
  2.31
 0.388
 0.363
 0.291
  3.18
 0.752
 0.127
 0.756
  1.54
 1.839
 1.588
  2.34
  1.16
 1.468
 0.409
 1.578
 2.174
 1.909
  2.18
  2.27
 1.938
 0.366
  2.27
  4.15
 1.199
  2.62
 1.196
 0.458
 1.519
 1.335
 1.042
  1.67
 1.353
 0.596
 0.403
  0.84
   2.5
 1.853
  1.25
  2.26
  1.59
 0.811
 1.095
 1.464
 0.836
 1.599
 0.416
 1.772
 1.172
 0.473
 1.273
  1.44
 0.296
  2.34
  2.01
  1.21
  2.31
  2.13
   2.5
  2.37
  2.96
  2.22
 0.704
 1.176
  1.94
 1.674
  2.21
 1.468
  3.24
 0.585
 1.624
  1.34
 1.466
  1.74
  2.91
 1.848
  1.81
  1.86
 1.933
   1.9
  2.48
  2.74
 1.407
 1.141
  2.21
  0.35
  2.25
  3.23
  2.06
  2.47
 2.723
  2.43
  1.66
  1.78
 0.609
  2.33
  1.88
  2.07
  1.53
  3.03
  2.16
  2.19
 2.087
  2.63
  2.84
  2.15
 0.624
  2.29
 0.496
     2
 1.002
   1.7
 2.476
 1.127
  1.28
  1.94
  1.23
  1.69
  1.07
  1.72
 1.478
  2.08
  1.63
 3.053
  2.45
  2.83
  2.17
  2.23
 0.839
 2.786
  1.59
 0.674
 2.501
 2.457
  1.92
 2.134
  2.08
   2.9
  2.01
 2.925
  1.18
 1.562
 0.807
  3.07
 3.289
 1.242
  2.98
  2.06
 0.454
  1.49
 3.358
 0.741
 0.583
  1.34
  0.41
 1.974
  2.05
  2.09
 2.388
  2.26
  2.81
  2.34
  1.55
  2.05
 1.283
 2.898
  1.36
 0.469
  2.43
 0.933
  1.93
 2.227
  3.44
  1.89
  2.17
  2.39
  1.49
 0.326
 0.385
   0.9
 1.049
  0.86
  1.67
  2.18
 1.041
  3.31
 0.926
 2.137
  1.44
  3.46
  3.11
 1.124
  1.91
  3.02
  2.19
  1.84
  1.58
  2.48
 1.869
 0.308
  1.88
 1.389
  2.06
  0.38
 1.573
 1.233
 0.624
  2.87
  3.16
  1.88
  1.59
 0.875
  2.18
  2.03
 2.021
  2.32
  2.02
  1.92
 0.979
  2.35
 3.138
 1.112
  1.95
  1.82
 1.354
  2.09
  2.53
 2.252
  1.87
 2.521
 1.138
  1.19
 1.637
   0.4
 1.242
 0.486
 0.134
 1.536
  1.53
  2.16
  2.15
  1.88
 1.687
  0.84
 4.008
  2.17
 0.442
 1.155
 1.517
 0.632
  1.41
  3.52
  2.15
  2.06
 1.701
 1.964
   2.3
     2
  2.18
 1.243
 0.781
  1.99
  2.58
 2.721
  3.83
  2.99
  2.29
 2.406
 0.275
 0.559
  2.36
  3.16
 2.134
 3.422
 1.797
  2.21
  2.53
 2.143
  2.27
 1.184
 2.973
 0.496
  2.23
  3.18
 1.969
  1.57
  2.29
 3.059
  2.63
  2.82
 1.322
  1.39
  0.78
  1.86
 0.478
 2.028
  2.43
  1.49
  2.54
  2.64
 1.593
  0.87
 0.987
 0.783
 0.763
 0.428
  1.87
 1.602
  1.91
 1.766
  2.11
  3.17
 2.439
 2.082
 1.878
 1.975
  2.01
 2.249
 1.749
  0.84
 1.756
  3.26
  2.25
  1.86
  2.37
  2.32
  1.79
  2.21
 0.727
  2.51
  2.96
 2.256
  2.18
 1.188
 0.395
   2.2
  1.53
  1.56
  1.39
 2.096
 0.308
  1.62
  0.41
 1.148
 1.391
 2.845
  2.84
 0.601
 1.145
  2.22
 2.484
  2.06
 1.631
 1.966
   1.4
 3.359
 2.265
 1.369
 1.855
 0.399
 0.824
 1.702
 1.868
 0.639
 0.471
 0.637
 1.725
 1.039
 1.528
 1.856
  1.16
  1.92
 1.007
 1.478
  2.12
 0.955
 1.402
 1.324
   0.4
  1.94
  1.61
 2.152
  2.27
 2.285
 0.408
 1.722
 1.619
  1.44
  2.27
  1.17
 1.976
  1.44
 2.159
  2.22
 1.554
 1.331
  2.36
  1.65
  2.46
 0.852
 1.922
  2.11
 1.355
   2.3
 1.676
 1.248
 0.917
  0.83
  1.85
 2.475
   1.8
  2.33
 0.553
 1.019
     2
  3.07
  1.94
 1.805
  1.48
 0.481
 1.439
 0.321
  3.36
  2.48
  2.61
  2.25
 1.178
 0.061
  1.69
 1.486
 1.606
  1.35
 1.107
  2.09
  1.94
 1.832
 1.633
 1.573
  2.11
 0.407
  2.13
  1.98
 1.444
 1.479
 1.713
  1.55
  2.47
  1.46
 0.689
 1.338
  1.32
 1.508
  0.94
 0.224
 2.244
  2.35
 1.141
 1.272
 4.395
 1.987
  1.88
 2.133
  2.01
  1.37
 0.624
 2.526
  1.95
 0.993
   1.9
 2.077
 0.874
 1.424
 0.648
 2.181
  2.93
 0.639
  2.45
 0.911
  3.18
  1.07
 2.097
 2.541
 0.912
 1.097
 0.784
 0.155
  1.99
  2.09
 2.212
 0.779
 1.663
  1.45
 2.363
 0.602
 0.854
  0.84
 1.239
  0.35
 0.577
 0.633
  1.79
   1.9
   2.1
  1.61
  2.57
 1.664
  3.11
  3.07
  2.23
   2.7
 2.304
 0.379
  0.44
 0.808
 1.331
 1.498
  1.54
 1.964
 2.029
  2.44
  2.25
  1.86
 0.308
 1.703
  1.91
  1.53
  1.92
  1.43
 1.306
 1.303
 1.933
 1.029
 1.039
  3.36
 1.379
  2.84
 2.758
 0.725
   2.2
 0.891
 2.062
 1.209
 1.969
 1.206
 3.616
 1.801
 1.175
  1.26
  1.96
  2.07
  1.63
  2.14
 1.872
  2.96
  2.53
   0.8
 1.788
  2.02
  0.96
  2.01
   2.1
  1.52
 0.171
 1.654
     2
  2.09
 2.795
  1.97
 0.062
  1.65
  2.35
 1.209
  2.28
  1.82
  2.19
 2.232
  2.76
 1.366
 0.584
   1.8
 1.388
 1.983
   1.9
  2.36
 1.691
 0.907
 3.662
  1.65
  2.64
 1.263
 0.997
   2.4
 0.648
  2.38
 0.239
  1.45
  2.94
 1.276
 0.668
 2.095
 0.373
 0.832
  1.83
  2.14
  2.43
 1.606
  2.05
 1.914
  2.11
 2.861
   2.1
  2.02
 1.692
  0.91
 0.828
 0.162
 0.525
  2.14
 1.088
 1.409
 1.525
 0.965
  1.74
 1.255
 1.159
 0.875
  2.34
 1.341
 0.717
 1.919
 0.934
  1.97
  1.54
  2.26
 1.716
   1.5
 1.815
  2.73
   1.4
 1.281
 2.172
  1.59
 3.154
 0.613
 2.226
 0.351
  4.16
 0.564
 2.065
 0.662
  2.72
   1.1
 1.195
 0.394
     2
  2.67
  2.08
  1.73
 1.564
  0.46
  2.72
  2.94
 0.325
 0.533
  2.26
  3.24
 2.867
 1.042
  2.04
  1.71
  2.08
 0.776
  1.76
 0.489
  1.81
  2.02
  2.05
     2
  2.17
  1.99
 0.716
  3.52
 1.587
   2.9
 0.672
  2.43
   2.3
 2.009
  2.55
  2.64
  1.97
 1.203
  2.12
  0.53
  2.22
 0.792
 1.727
  2.11
  0.61
 2.472
  2.49
 1.574
 0.158
  2.63
 2.226
 0.878
  2.32
  1.14
  3.05
 1.959
   2.3
 2.868
 1.184
 0.866
  2.42
 1.231
 3.093
  2.35
 1.001
  1.62
 0.902
   2.9
  2.18
 0.929
 1.889
 1.691
  3.72
 1.432
  2.17
  2.33
   2.2
   2.2
  1.44
   0.6
  0.62
     2
 1.143
  2.16
  2.21
  1.47
 0.454
  2.29
 1.955
 0.901
  1.99
 2.109
  2.21
 0.427
 1.623
 1.963
 1.033
  1.97
  0.94
 1.321
  2.13
 1.076
  3.24
 1.595
  2.13
 1.017
  2.97
 2.266
  2.04
  2.31
 2.545
  1.31
 1.396
  0.64
  2.26
  1.44
 1.032
   0.8
  2.38
  2.03
  2.03
  1.31
  1.87
  2.64
 1.768
   0.8
  1.69
 1.597
   2.5
  1.22
  2.76
  1.97
   1.8
  2.54
 1.418
  1.38
  2.66
 2.641
  1.42
 1.895
  2.02
 1.543
   3.7
 1.413
 1.909
  0.94
 2.686
 0.393
  2.26
 1.226
 1.405
  1.31
   2.1
 0.558
  0.76
 1.436
 1.973
 0.465
  2.18
 4.073
  1.96
   3.5
  1.57
  2.38
 0.394
  2.26
 0.363
 0.277
  1.12
  3.15
  1.32
  1.41
  2.06
   1.6
  2.11
   2.2
  2.05
  2.21
 1.133
  1.24
  1.85
  2.21
  2.63
 1.156
  2.33
  1.93
  2.17
  2.53
  0.78
  1.57
  2.31
  1.54
  2.53
  2.56
 0.571
 1.844
  0.38
 0.594
  1.54
 1.375
  2.44
 0.838
 1.588
 0.649
  2.08
 1.509
  2.01
  1.55
   2.7
 3.037
  1.54
 1.979
  2.22
  1.97
  2.82
 1.227
 0.533
  2.23
  3.12
  3.07
  1.97
  2.18
  2.12
  2.18
  2.18
 0.848
  2.36
  1.77
 0.778
   1.7
   2.3
  2.17
 2.206
 1.075
  2.15
  1.81
  1.88
  1.81
 3.066
  2.87
 0.776
  3.11
  2.92
  2.91
  3.36
 0.782
  2.35
  1.93
  2.51
 2.803
 4.433
  1.55
 1.018
 2.201
   1.7
 2.492
  1.31
 1.629
  0.91
  1.91
 1.574
   2.2
 0.584
  2.08
     2
  1.89
 1.874
  2.33
 4.171
 2.027
  2.09
  1.69
  1.56
  2.29
  2.11
  1.82
  2.11
  2.94
  1.52
  2.22
  1.18
  2.12
  2.41
 1.898
 0.737
  2.31
  1.31
 2.463
   2.7
  1.29
  1.67
  2.88
 2.437
  2.31
   2.9
  1.08
  2.19
  2.41
  2.21
  0.56
  2.48
  1.61
 3.488
  1.96
 1.378
  1.66
 2.279
 2.107
  2.11
 1.243
   2.3
  2.23
 1.668
  2.14
   2.3
  2.12
   2.2
  2.16
  2.32
     2
  2.24
 0.583
  1.26
  0.83
 0.861
 0.054
 0.966
  0.53
  2.19
  1.79
 1.968
 1.455
   2.1
  2.25
  0.27
 0.958
 0.728
 0.952
 0.472
  1.88
  2.08
 1.753
 1.891
 0.467
 0.713
  2.23
 1.423
 2.005
  1.71
  2.16
  0.85
  1.24
   1.3
 1.776
 0.428
 0.641
  1.97
  2.36
  1.54
  2.63
  2.13
  2.31
 1.002
  0.38
 2.307
  2.05
   1.5
  1.34
 2.406
  2.28
 2.157
 0.262
  2.16
  1.43
 0.746

 2.343
  2.22
  2.17
  1.71
 1.758
  1.64
 1.896
  2.14
 1.102
     2
 0.603
  0.74
  1.23
 0.909
  1.93
  1.45
 0.976
 1.686
 1.234
  2.09
  2.28
 0.412
   1.7
  1.81
 0.363
 0.774
 0.934
 0.395
 1.509
  2.08
 0.994
   4.3
  1.68
 0.234
  0.18
  0.35
  2.14
  1.76
  2.25
  1.63
  1.87
 1.906
 2.819
  0.38
   2.2
  2.38
 2.985
 2.894
  2.55
 1.588
  0.74
   2.3
  2.28
  2.55
   2.2
  2.11
 1.365
 1.584
  1.22
  1.68
 1.278
  1.93
  1.48
 0.764
  1.91
 1.966
  2.26
 2.166
  2.07
  1.94
  2.05
  1.77
 2.053
 0.672
 1.262
  1.46
  2.26
  2.33
 1.314
  1.67
  1.96
  1.53
  1.45
 0.559
  1.82
 1.624
 1.486
 2.181
  1.65
 3.163
 0.861
  1.91
  2.29
  2.27
  1.81
  1.68
  2.21
  1.93
  1.78
  1.71
 3.249
   2.4
  0.67
  2.19
  1.63
  2.05
  0.81
  0.84
 0.798
  1.95
  1.71
 1.165
  1.87
  0.84
  1.69
  0.76
 1.051
   2.3
  1.87
 0.347
  2.02
  1.79
 2.106
 1.533
 1.875
  2.26
 2.017
  2.09
  1.48
  2.19
  2.25
  1.94
  2.18
 0.648
  0.96
 0.202
   1.5
  1.95
  1.88
  1.18
  0.83
   1.6
  0.86
 3.241
 1.445
 0.765
 1.909
 1.165
 2.112
  1.32
  2.25
 0.328
  0.87
   2.2
 1.609
  1.61
  2.22
 0.837
  0.57
  0.75
  1.38
  2.31
  0.62
 0.117
  1.47
   2.3
 0.637
 1.941
  1.11
 1.797
  2.09
 1.902
 1.953
  2.26
  2.15
 2.025
 0.908
   0.3
  2.31
  2.17
 1.073
 1.341
  1.53
  2.14
  1.89
 1.353
 0.437
  1.67
  2.34
  2.21
 0.771
  1.55
  2.02
  1.66
  2.21
  1.52
 2.325
  1.69
  1.31
 0.046
  0.83
  0.36
 0.311
  2.16
     2
  2.33
 0.923
  1.55
  1.56
 1.553
  1.49
  2.25
  1.67
  2.19
  2.81
 2.043
  1.67
  2.22
 0.987
 0.654
 0.336
 0.561
  2.05
  2.28
 0.654
  2.26
 1.205
  2.02
  1.19
  2.45
   2.2
  2.32
  2.26
 1.405
  2.07
  2.26
  2.28
 0.633
 2.457
 1.468
  2.13
  1.07
  2.23
   2.3
 1.887
  1.83
  1.92
   1.6
  2.26
 2.164
  2.25
  2.72
  1.48
 1.761
  0.82
  2.11
  0.72
  0.88
  1.58
  1.56
  1.93
  1.72
 2.353
  1.36
   2.2
  1.61
 0.355
 1.099
  1.34
 2.163
  2.07
  1.39
  2.38
  2.42
 0.335
   2.1
  2.87
  1.84
  2.21
  2.21
 2.594
   1.5
  1.62
  2.89
  0.83
  2.08
   2.5
  2.21
  1.95
  1.47
  2.77
  2.38
   2.3
   2.3
   2.2
 2.169
  1.44
   2.5
  2.38
  2.32
  0.39
  1.95
  2.41
  2.26
  1.32
   1.4
   2.1
  1.39
 2.245
  2.01
  0.22
  1.79
  1.72
 0.716
  2.46
  1.02
  1.32
  2.16
 3.023
  2.39
  2.38
 0.363
   1.6
  1.48
  2.25
  1.37
  1.55
 0.457
  1.24
  2.91
   1.9
  1.42
  2.15
  1.67
 1.847
  1.96
  2.12
 3.793
  2.35
  1.37
  1.31
  1.34
  1.89
  2.21
 0.401
  2.05
 0.411
   2.2
  2.74
  2.46
  2.15
 3.131
  1.28
 0.172
  1.09
  1.59
  0.27
 1.782
  2.14
  2.22
  2.41
  1.64
   2.1
  2.53
  2.09
  2.08
 1.141
  2.81
  2.33
  1.59
  1.11
  1.46
  0.91
  1.81
   2.5
  2.74
  2.26
  1.43
 0.425
  1.82
  1.31
  1.94
  2.72
 2.491
  1.92
  1.98
 0.859
  2.22
 0.637
 0.831
  3.97
 1.853
 0.367
  1.41
   2.2
 0.615
 0.086
  2.25
  0.98
  2.23
 0.308
  2.15
  2.23
  1.18
 0.305
  2.16
  1.83
  0.45
 1.893
  2.35
  1.98
  2.45
 2.716
 0.396
 0.258
 0.335
  2.24
  2.12
  1.57
 2.874
 2.356
  1.18
  1.26
  2.28
  1.36
  2.08
  1.65
  2.35
  2.26
  1.08
  2.29
  2.07
  1.87
  2.32
  1.53
  1.97
  2.51
 0.365
 0.345
  2.21
  1.21
 1.479
  1.54
  1.11
 3.122
  2.21
  2.12
   2.6
  2.29
  1.38
  1.42
  1.34
  1.99
  1.45
  1.84
  2.38
  0.81
  1.42
  1.52
  1.93
 1.157
 2.719
  1.67
  2.21
  2.55
  2.05
  1.54
 3.141
  1.25
  2.03
 3.159
   1.6
  2.03
  1.19
   0.7
  2.05
 0.813
  2.42
  1.68
  2.29
  2.01
  1.69
  2.03
 0.624
  2.23
  2.03
  3.13
  2.28
  1.44
  2.49
  2.18
  2.15
  2.03
  1.98
 2.261
 1.568
  2.23
  2.45
  2.54
 2.909
  1.23
   1.7
 2.345
  2.38
  2.17
  2.42
  2.05
  1.39
   0.5
   3.2
  2.33
  2.07
  1.43
  2.26
  0.27
  2.32
  0.08
  2.25
 0.592
  2.19
  2.27
 0.858
   2.3
  2.53
   0.8
  1.32
  1.98
 0.496
  2.22
  2.85
  1.38
  2.01
 0.356
  2.55
  1.88
 2.058
  1.95
 0.298
 0.211
  2.39
  1.95
  2.25
  1.32
  1.56
 2.147
  1.48
 2.431
  2.59
     2
  2.84
  2.29
  0.88
   1.9
  2.02
   2.8
  0.65
  2.17
  0.61
   0.3
  2.47
  0.48
 0.361
 0.493
 4.196
  2.19
   1.7
 1.904
  1.85
  1.54
 1.581
  1.65
 0.404
  2.11
  1.93

 1.026
 1.132
  2.47
  2.09
   2.1
  2.15
  2.46
  1.85
  2.03
  1.92
  1.66
 2.993
  1.98
  1.97
  2.21
 2.133
  0.91
  2.06
 0.373
  1.39
 1.321
  1.66
  2.41
 2.338
  1.82
 1.298
  1.57
 0.616
 1.978
  2.11
   2.3

   1.6
  2.96
  2.06
  1.48
  2.21
  0.66
  1.54
  1.29
  1.65
  2.35
  2.25
  1.99
  2.57
 1.115
  2.42
  1.98
 2.612
  1.92
  2.25
  1.49
  2.02
  2.89
  2.03
 0.163
  1.15
 0.306
  2.47
  2.39
  2.09
  1.17
  1.93
  0.32
  2.24
 0.677
  1.72
  1.69
  1.56
 0.799
 1.897
  0.83
 0.669
 2.432
 0.389
 0.493
  1.02
  1.93
  0.77
 2.966
  3.56
  2.25
  1.88
  2.36
 1.685
  3.24
  2.19
  1.42
  2.54
 2.912
  1.74
 1.466
  1.42
   2.6
     2
   2.8
  2.38
  1.67
  2.08
   2.5
   2.1
   2.3
  1.48
 0.109
  2.22
 0.673
 2.404
  1.42
  2.01
 0.155
  2.31
   2.2
  2.26
   2.4
 1.896
   2.2
 2.195
 2.805
  2.16
 2.853
  2.19
  1.97
  1.89
 1.003
  1.04
  0.56
  0.86
  1.64
  2.24
  0.78
  1.97
 1.821
  2.33
  2.37


  1.31
  2.13
  2.42
 0.472
   2.3
  1.63
  2.48

   0.4
  2.15
  2.37
 1.443
  2.15
  2.75
  1.44
 3.011
 0.408
  2.62
 0.323
 2.367
  2.22
  2.91
  2.39
 1.715
 0.516
     2
  2.21
   1.9
 0.597
 2.996
 1.623
  0.49
 0.139
  1.43
 0.936
 0.698
  0.85
  0.16
 0.504
  2.43
 0.736
     2
 0.511
 0.687
 0.523
 0.924
 1.369
 0.655
  2.13
 0.788
   1.7
 1.038
 2.042
  1.13
 2.066
 2.256
 0.336
  1.75
  0.62
  1.07
  1.42
 2.065
 0.903
 0.356
  1.24
 0.322
 2.285
  2.06
  2.26
 1.438
  1.43
 0.376
  1.82
 1.322
   0.5
 2.102
  1.17
 3.301
  0.88
  1.96
  2.24
  1.91
   1.7
 1.207
  2.24
 0.393
  2.17
  1.87
   2.4
  1.36
  1.14
  2.22
  2.37
  2.38
  2.37
 1.794
  2.57
  2.36
 1.116
 0.586
 0.978
 2.225
 2.143
 0.694
  2.26
 2.265
 0.613
  1.79
 0.468
 1.297
 2.034
   1.9
 0.872
 0.528
 0.284
 1.973
 0.346
 1.832
   3.1
  1.72
 0.726
   2.3
 0.649
 1.054
 2.786
 1.552
 1.112
  2.63
 0.569
 0.617
  0.68
 0.374
 2.018
  1.48
   1.9
 1.588
   1.8
 2.063
  2.02
 1.221
 0.601
 1.941
   1.4
 2.214
   1.1
 4.042
 0.874
 0.684
  1.99
 1.985
 0.469
  0.68
   2.2
 1.045
 0.044
 2.269
  2.19
 0.783
  1.99
  1.52
 1.683
 1.577
 1.875
 2.163
 2.063
  0.28
  0.89
 1.596
 1.422
 1.845
 1.591
 1.139
 1.292
 2.103
 1.904
 1.305
 2.147
 1.726
 3.073
 1.815
 2.032
 0.859
 1.921
 2.315
 0.506
 1.552
     1
 1.784
 0.528
 2.172
 0.467
 1.945
 2.201
  0.92
 2.137
 0.741
  0.34
   1.1
 2.125
 0.176
 1.918
 1.859
 1.663
 1.474
 1.004
  2.31
 1.937
 2.141
 2.118
 0.812
 1.862
 0.835
  1.03
  1.45
 1.093
 1.015
 1.775
 1.598
 1.822
 1.267
 2.239
 1.684
 1.704
  1.74
  4.43
 1.017
 1.709
 1.152
 2.249
 1.646
 1.953
 1.434
 2.475
 0.953
 1.419
 2.337
 2.193
 1.935
  1.48
  2.69
 1.032
 0.584
 2.054
 2.015
 1.458
 1.828
 1.845
 2.422
 0.766
 1.708
 0.828
 1.435
 1.516
 0.815
 0.489
 2.329
  1.31
 3.205
 1.383
 0.817
 0.489
 3.209
 1.569
 1.824
 2.981
 1.002
  0.47
 2.204
 2.099
  1.61
 2.805
 1.678
 0.811
 1.106
  2.01
 1.007
 0.846
  2.37
  1.88
 1.116
 2.637
 1.251
 1.331
 0.889
 1.393
  1.03
 0.673
 1.214
 1.363
  2.55
 0.537
 1.925
  1.81
 1.682
 2.449
  1.27
 1.688
 0.757
 1.986
 1.213
 1.422
 1.955
 0.433
 0.291
 0.621
 0.354
 1.885
 2.465
  2.06
 1.426
 1.986
 0.921
 0.847
  1.26
 1.347
 1.439
  1.47
 2.012
 0.916
 0.879
  0.72
  2.28
 2.684
 1.915
 2.247
 1.849
 1.115
 1.107
 1.793
 0.876
 1.585
 1.866
 1.089
  1.85
 1.032
  1.25
 1.601
 1.528
 1.498
 1.623
 1.557
 1.318
 2.094
 0.406
  0.42
 0.905
 0.706
 0.608
 1.569
 3.377
 2.381
  0.36
 1.853
 1.016
 0.893
 1.995
  1.07
 1.748
 1.298
 0.532
 0.867
 0.661
  1.71
  0.82
 1.356
 1.085
 2.006
 0.115
 0.761
 0.806
 1.435
 1.552
 1.112
 0.892
 1.727
 1.497
 2.524
 0.661
 1.302
 0.595
  2.18
 1.349
 2.313
 2.316
 1.578
  1.77
   2.3
 1.734
 0.641
 1.179
 0.706
  2.07
 1.517
     2
 1.048
  1.93
 0.693
 0.703
 3.226
 1.646
     1
 0.635
 1.409
  3.29
  2.27
 2.883
 0.606
 1.266
 1.335
 1.965
 0.686
 2.149
  0.59
   2.4
  2.14
 0.585
   1.4
 0.863
  0.77
 4.379
   0.4
 2.106
 2.144
 2.122
  2.28
 1.386
 2.756
 1.165
  0.91
 0.955
 0.581
 0.816
 2.335
 1.729
 2.839
 0.226
 1.324
 0.223
 2.425
 0.078
  2.66
 0.664
 0.641
 2.166
 2.706
 0.987
 2.784
 1.663
 1.005
  1.62
 0.841
  2.71
 1.821
  1.25
 1.709
 1.045
 2.441
  2.87
 0.864
 0.744
 1.829
 2.058
 1.318
 1.192
 1.021
 1.353
 1.072
 2.161
 1.735
 1.132
 2.735
 2.744
 1.721
 0.484
  1.12
 2.208
 2.455
 0.956
 2.536
 1.658
 1.876
  3.02
 1.879
 2.531
 2.768
 2.201
  2.45
 1.156
 1.972
  1.53
 2.105
 2.498
  2.16
 2.552
 0.406
  2.33
 1.414
  2.33
  1.66
 0.265
 0.871
 2.869
 0.997
 0.104
 2.092
  2.34
  2.67
  2.08
 0.093
 0.374
 1.807
   0.2
 1.985
 1.088
 2.246
 0.341
 3.056
 1.009
  2.22
  1.35
   2.1
  1.55
  2.08
 0.901
 1.533
   3.1
 1.745
 2.423
 2.685
  2.38
 0.648
   2.6
  0.67
  2.05
 0.947
 1.445
  0.54
  2.11
 0.078
  2.21
  1.13
 0.696
 0.621
 0.973
 1.985
   1.1
 1.486
 3.132
 1.259
 1.537
 1.236
 1.217
  2.58
  1.41
 0.525
 2.258
 0.975
 1.679
 1.294
 2.015
 1.866
 1.002
 3.442
  1.94
 0.673
 2.174
 0.334
 1.456
 1.364
  1.09
 2.095
 2.012
 1.609
 0.912
 3.197
  0.11
 1.661
 0.852
 1.733
 1.762
  2.08
  2.59
 1.072
 1.521
 1.808
  1.76
 2.268
 1.531
  1.73
 2.049
 2.277
 1.146
 1.395
 2.049
 1.745
 0.794
 1.897
 0.564
 1.402
 1.514
 0.721
 1.068
 1.751
 1.797
 1.478
 1.828
 0.635
 2.212
 1.586
 2.077
 0.283
 2.551
     2
  0.86
 0.443
 0.384
 2.004
 1.487
 1.466
 2.298
 2.775
 0.957
 0.897
 0.867
 0.898
 1.167
 1.662
 1.378
 0.924
  1.89
  1.82
  1.95
 1.615
 1.484
 1.502
 0.357
 1.827
   1.7
  2.21
  2.45
 0.756
 0.653
 1.557
 0.847
 0.592
 2.015
 1.871
  1.08
 2.293
  1.34
   1.7
 1.984
  1.53
 0.743
 3.377
  2.47
 2.494
 1.105
 1.342
 2.118
 2.213
 1.351
 3.636
 0.991
   2.9
 1.885
 3.222
  2.12
  1.54
  1.52
  2.31
 2.059
 0.614

 0.962
 2.939
  3.01
 1.911
  4.36
 2.823
 1.187
 1.961
  2.71
 1.616
 0.602
  1.92
  2.33
 2.357
 1.016
  1.05
 1.728
 0.047
  1.51
 0.182
  1.62
  1.11
 2.834
  0.22
 2.109
 3.251
 1.417
  3.04
 0.571
  1.64
 1.285
     3
 1.712
 0.346
 0.574
  1.84
 1.563
 1.986
  1.48
  1.35
   2.4
 1.931
 1.213
  2.14
  2.04
   2.4
  1.63
 0.614
 3.853
 0.807
 1.536
 0.773
 0.604
   2.5
  2.45
 3.123
 2.921
 0.915
 2.277
 2.055
 0.782
  2.25
 2.166
 0.324
 0.269
  2.09
 3.249
 0.557
 1.023
 0.271
 2.702
   2.1
 1.328
 1.277
 1.447
 0.376
 2.852
 1.965
 0.868
 0.593
  0.08
 1.414
 2.597
   2.2
  1.66
 2.679
  2.63
 1.952
 0.844
 1.806
  0.68
   2.4
  1.43
  3.27
  2.61
 0.454
     3
 0.181
   2.7
  1.29
  0.91
   2.1
  2.42
 2.115
 1.896
 0.811
  1.98
 1.462
 0.781
 0.946
 1.288
 0.444
  2.05
 3.093
 0.338
 2.253
  2.22
 0.286
 0.898
 1.783
  2.34
  2.13
  2.56
 1.157
  1.98
  2.05
 2.661
  2.35
  2.33
 0.858
 0.534
  2.43
 1.349
 1.003
 0.602
  0.57
  1.85
  1.08
  0.42
  1.43
 2.384
 0.303
 0.511
  1.93
 2.286
     2
   2.8
 1.377
 1.142
 1.481
 1.093
 0.522
 2.453
   1.5
 0.787
 0.431
 1.567
 0.916
 1.028
  0.21
 0.316
 0.844
 1.711
 1.296
 1.569
  0.89
  1.27
 0.291
  3.02
 1.394
  2.23
   2.2
 0.759
 1.918
 0.444
   1.4
 0.548
 1.479
 1.131
 1.236
 2.765
 0.503
  2.07
  0.29
  2.35
  2.81
 0.991
 0.995
 1.245
 0.947
 3.104
 1.275
 0.839
  0.83
 0.224
 0.545
 0.219
  0.34
  1.31
  2.12
  2.45
 0.376
 0.474
 2.245
  1.59
  2.13
 2.318
 1.554
  2.36
 1.544
 2.365
  2.22
  1.24
 0.137
 0.452
   2.2
 1.136
  2.28
 0.872
 1.926
 0.324
  0.81
  0.05
  0.58
  1.93
  2.69
 0.942
   1.9
 0.688
 3.469
 0.482
  0.71
  0.37
 1.416
 1.187
 0.654
 1.854
 3.177
  3.09
 1.805
 2.123
 2.165
 3.408
 1.232
  1.36
 0.455
 1.982
 0.722
  1.15
 1.283
 0.152
 0.079
 0.579
  1.26
 1.292
 0.768
 0.487
 1.139
 1.626
 2.123
  0.94
 0.475
  2.46
 1.382
 0.846
 1.856
 0.424
 1.072
 2.501
  2.75
  2.69
 0.663
 0.782
 1.927
 3.038
 1.033
 1.663
 1.901
 1.024
 0.191
  0.63
   1.7
 0.312
  1.51
  0.77
 1.894
 1.063
 0.329
 0.462
 0.996
  0.61
 2.926
 0.409
 0.345
 1.629
 1.951
 0.889
 1.991
 0.099
 1.932
  2.94
 2.487
   1.2
 3.075
  2.07
 2.108
 0.446
 4.281
 1.892
 0.096
  0.21
  2.39
  2.67
 1.776
 1.195
  2.44
 1.086
 0.863
 0.689
 0.148
 1.446
 1.956
 0.118
  0.44
  2.88
 2.055
 0.408
 1.837
 1.433
  1.42
   1.2
 0.438
  0.67
   0.1
  1.91
   0.7
 0.393
 0.581
   2.4
 0.459
 0.871
 0.842
 2.621
  0.91
 0.402
 1.025
  2.42
  1.28
 0.262
  0.98
   2.4
 2.352
 2.368
 1.345
 0.577
 1.417
  0.96
 1.216
  0.19
 0.246
 0.904
 0.542
  2.06
 1.431
 2.295
 0.822
 2.249
  0.76
 0.239
 1.977
  0.89
 0.658
 0.941
 0.914
 2.778
 0.453
  2.61
   1.1
 1.051
 2.979
  0.61
 0.589
  0.94
 2.734
 1.758
 0.331
 0.765
 2.752
 0.358
 0.249
 2.101
 1.122
 1.112
 2.175
 0.697
   2.2
 1.536
 1.691
     3
 2.696
 1.473
 3.326
   0.2
 1.564
  1.87
  1.15
 0.684
  0.69
   1.1
   1.9
 1.525
 1.775
 2.172
 0.723
 0.524
  1.88
   1.8
  0.76
 1.272
 1.406
 0.305
 2.052
  1.79
   2.8
 0.274
 0.862
  2.22
   2.8
  2.49
   3.3
  0.78
 0.258
  2.73
 0.754
   2.2
 1.177
 0.891
 1.105
 1.522
 2.124
 0.131
  2.17
  2.03
 1.494
 2.126
  2.36
  2.31
 1.877
  1.47
 0.863
     2
   2.3
 1.414
  2.15
  1.87
  2.86
 0.451
  2.37
 0.064
 1.834
 1.242
 1.321
 0.307
 1.693
  0.66
 2.912
 0.865
 2.629
 1.593
   2.8
   2.8
  1.86
 0.693
 1.655
  2.18
  2.66
   2.2
 0.568
  0.33
 0.693
 2.017
  2.58
 0.487
 1.926
  1.76
 1.273
  1.07
 0.978
  1.32
 0.449
 0.726
 1.273
   2.9
 1.109
 0.922
 0.761
 1.252
 0.513
 1.262
  0.47
  1.02
 1.322
 2.216
 0.621
  1.92
 0.442
 0.684

  1.53
 2.999
 1.217
  1.72
 0.335
 0.419
  2.31
 0.331
 1.892
 0.828
  0.49
  2.54
 0.559
  0.66
 0.257
 1.013
 1.043
 2.619
 1.711
 1.449
 0.424
  2.29
 2.323
 0.923
 1.286
  1.77
 3.873
 0.246
 2.229
 2.152
 1.896
 1.339
 1.407
 1.462
 1.745
 1.499
 0.412
 1.121
 2.435
 0.758
 1.635
 0.695
 0.465
  2.69
 2.655
  0.39
 1.206
 3.091
 0.411
 2.771
   2.4
 0.948
  1.74
 3.157
 0.421
  0.16
 1.038
  1.82
  0.81
 1.018
  1.07
 0.668
 0.957
 1.442

 0.625
  2.16
  1.61
 2.281
 0.654
 2.064
 1.375
 0.442
 0.638
 0.303
 4.035
 0.936
 1.742
 0.057
 2.785
 1.203
 1.269
 0.847
 1.521
  2.23
 0.553
 0.562
 2.028
 0.901
  2.18
 0.594
   2.3
 1.446
 1.108
 2.432
 1.421
 0.591
 0.293
 1.377
 2.219
 0.892
 1.358
  1.46
 0.487
  2.25
 0.269
 0.896
 1.719
  0.19
  1.75
 0.698
 0.527
  2.02
 0.834
 0.348
 0.296
 1.755
 0.441
  1.63
  2.15
   2.5
 1.157
 1.983
 0.505
  1.31
  2.75
 3.554
  2.42
  1.69
  2.53
  2.31
 0.595
  0.32
   2.2
 0.172
  3.04
  2.31
  2.57
 0.732
 0.456
 0.223
 0.793
 0.659
 2.835
 1.868
 1.279
 1.923
  1.25
 0.908
  2.21
 1.574
 2.525
 1.544
  0.38
 2.455
 1.966
 2.044
 1.321
 0.608
  2.03
 0.458
 1.936
   2.4
  0.83
 0.783
  1.88
 0.699
   2.7
 1.878
   2.3
     2
 0.618
   2.4
 3.191
 1.105
 0.943
 1.048
   0.8
   2.2
   2.3
 0.997
   1.8
   1.9
 0.444
 1.201
 1.547
 0.848

 3.054
 1.495
 0.715
 1.145
 0.615
  0.39
 2.103
 0.227
 0.579
 2.913
 0.565
 2.399
 1.783

 1.368
 0.131
  0.23
 1.583
 0.505
  1.05
   1.3
 1.916
 0.131
  1.81
 0.541
  0.35
 1.695
  0.32
  1.76
 0.492
 1.703
  2.14
 1.892
 1.252
 0.226
 0.519
 1.369
 1.223
  1.22
  0.36
  0.59
 1.342
 1.038
  1.19
 1.737
 0.206
 2.905
  2.13
 1.377
 0.835
 0.617
 0.529
  2.05
 1.546
 1.875
     3
 1.075
 1.323
 1.451
 0.408
 2.166
  4.35
 3.226
 2.089
  4.43
 3.221
 1.478
 0.298
   2.4
     2
 1.184
 0.465
   2.5
 0.259
 1.241
 4.457
  1.01
  1.41
 0.712
 0.239
 0.605
 2.048
 2.579
 2.054
  0.85
  2.04
  2.24
 0.901
 1.687
  0.93
  0.96
 1.394
 1.316
 0.882
 1.589
 1.873
  0.53
 0.418
 1.021
 2.482
 3.306
   1.9
 0.485
 0.327
  1.81
 0.907
 0.419
 0.497
 1.348
   0.5
  1.53
 2.102
 1.413
 1.415
   0.9
  1.76
 3.216
 1.559
 1.816
 0.809
  1.53
 0.837
 1.154
 3.129
   0.4
 2.067
 0.928
  0.95
  0.83
 0.434
 0.773
 0.526
 0.342
 2.948
 0.329
 0.563
 0.161
 0.974
 2.437
 0.257
 1.292
 1.257
 2.871
 0.648
 1.453
  0.33
 1.002
 1.876
   2.2
 1.214
  0.24
 1.034
 2.707
 0.212
 2.362
 0.388
 0.687
 0.693
 1.169
 0.583
   2.6
  0.82
  0.26
 0.613
 2.109
  0.18
 1.287
  0.41
 1.192
 1.349
  2.62
 1.742
  2.26
 1.627
 2.746
  2.41
  0.63
 3.163
 0.079
 0.222
  0.64
 1.495
 0.253
 3.645
  2.26
  1.53
 2.533
 1.414
 1.636
  0.32
 2.236
 0.568
 1.378
 0.899
 0.565
 0.185
 0.433
 2.134
 1.374
  0.76
 4.381
 0.785
 2.504
 0.779
 0.385
 0.977
  2.22
 0.617
 2.291
 0.337
 0.851
   2.8
 0.335
 2.029
 1.455
 0.469
  0.92
 1.226
 0.319
 0.247
 1.508
 1.511
  2.47
  0.38
 0.916
 2.175
 0.717
 2.921
 1.552
  2.67
 1.918
 1.127
  1.28
 3.158
   2.1
 2.596
 0.588
   1.4
 2.144
 2.512
 0.791
 1.319
 0.197
 1.459
 0.605
 1.615
  0.84
 2.136
 1.254
 1.901
 1.055
 0.496
  2.28
 1.095
   1.8
 0.787
 0.743
 2.552
 2.286
 0.828
  1.34
 0.323
     2
 1.492
 0.363
 0.986
 1.236
 1.763
   2.5
 0.738
 1.707
 2.166
  0.24
 1.267
 0.322
 0.323
 0.745
 1.129
   2.9
 1.284
 1.055
 2.085
 2.869
 1.437
  1.53
 2.255
 0.217
 0.393
  2.12
 0.958
 3.132
 1.471
 0.177
 1.873
 2.029
 0.086
 1.264
 0.148
  2.63
  1.12
 1.455
 1.095
 2.172
 1.667
   2.9
 2.356
 0.744
 0.652
  1.96
 1.484
 1.732

 1.241
 2.198
     2
  2.24

 0.389
  2.42
  1.61
 2.564
 1.696
  1.46
 1.513
  1.02
  2.17
 4.506
 0.382
 3.074


 0.406
 3.681
 1.061
 0.813
 1.821
 2.276

 0.312
 2.327
 1.524
 1.085
  1.92
 2.178
 2.959
 2.168
 0.784
 3.084
 1.999
 1.942
  3.13
  1.56
 0.426
 2.193
 1.619
 1.887
 0.702
 2.027
 1.386
 0.244
     2
  2.06
 2.252
 2.331
 1.937
 2.549
 0.294
 2.404
 2.737
 0.928
 1.253
 1.265
  1.45
 1.403
  0.36
  1.83
 1.704
 2.359
  1.96
 1.203
 0.677
 2.296
  1.53
 1.724
 0.211
 1.634
  1.97
  2.14
  2.04
  1.63
 2.022
   0.9
   2.2
 1.398
 2.106
  3.27
 1.845
 1.028
 1.426
 2.433
 2.116
 1.472
  0.73
 2.503
 0.854
 1.692
 1.917
 1.494
 0.622
  2.33
  1.49
 1.402
 1.249
 1.107
 0.556
 1.569
 1.951
 2.409
 1.692
 1.194
 0.267
 2.092
  0.48
  1.26
 1.324
  1.92
 1.244
  0.52
 2.107
 0.213
 0.857
 1.166
 1.737
 2.122
 1.562
  2.12
 1.261
 1.203
 2.114
 1.087
 1.507
 0.429
  1.18
 0.599
 2.113
 0.967
 2.354
  1.48
 1.952
 1.358
 1.107
 1.446
 1.254
 2.014
 2.057
 1.607
 0.534
  2.05
 1.395
 1.226
 2.113
 1.789
 1.288
 1.073
 2.016
 0.729
 1.518
 0.893
 1.738
 1.192
   0.8
 1.306
 1.723
 2.212
 1.107
 2.118
  1.31
  1.23
 0.865
 0.407
 0.595
 1.832
  1.15
 1.111
 1.722
  0.62
 1.968
  4.45
  1.28
 0.453
 1.134
 1.608
 2.173
  1.37
  1.78
 1.115
 0.148
 1.131
  1.31
  0.32
 1.207
  0.19
 1.292
 0.786
 1.215
 2.165
 0.147
  2.52
  0.44
  1.27
 0.345
 1.211
 2.318
 0.167
  0.97
   1.3
 0.357
  2.21
 1.018
 0.422
 0.544
 0.478
 0.208
  1.93
 2.151
 4.291
 0.161
 1.003
 2.088
 0.203
 0.286
 3.391
 0.452
 0.626
 0.835
  1.43
 2.117
 1.401
 2.492
 1.456
  2.29
  0.55
   2.1
 0.487
 1.688
 1.985
 1.064
   4.1
  2.73
 1.356
  1.94
 2.827
     3
 0.706
  1.43
 2.399
 1.647
 1.667
  1.11
 0.888
 1.445
 2.322
  2.65
 2.518
 2.239
 1.006
 2.144
 1.978
 0.836
 2.002
 2.017
 2.127
  1.74
 1.317
 1.531
  0.32
 2.024
  0.42
 0.243
 2.461
 1.379
 1.714
  1.46
  2.72
 1.045
 0.394
 1.861
 2.137
 1.582
 2.692
 0.765
 0.373
 1.013
  0.39
 2.152
 0.354
  1.71
  0.44
 0.313
  1.66
 2.559
 0.625
  2.19
 1.309
 0.426
 2.319
 1.598
 0.588
 0.632
 0.881
 0.393
   2.1
  0.48
 0.781
 0.081
 0.819
 0.963
 2.958
 2.192
 0.765
  0.72
 0.909
 0.596
  1.94
  1.68
 3.313
 1.003
  2.96
  3.37

 0.869
  2.32
  2.49
  2.14
 0.734
 0.302
 1.552
  2.37
  1.94
  1.74
   2.2
  2.54
  2.11
 3.009
   1.9
  2.38
 0.375
   2.2
   2.1
 0.144
   1.9
 0.435
 0.644
 0.217
   1.9
 1.235
 1.728
 1.722
 1.722
 0.713
  1.46
 0.154
 2.118
 0.733
 0.177
 2.628
 0.103
 3.564
  2.06
  1.75
 0.466
 1.921
  2.15
  2.43
   2.2
  1.94
 1.349
 0.685
  1.04
  0.86
 1.988
  1.81
 2.048
 0.389
 1.465
 0.675
 0.912

 1.024
 0.234
   2.4
 0.449
  1.69
  0.48
 2.341
 0.858
 1.285
 1.212
  1.47
 2.014
 0.431
 1.803
 0.673
 0.378
  2.89
 1.394
 0.351
 2.852
 1.354
 1.019
 1.515
  1.16
 0.244
  0.72
 1.187
 2.661
  0.46
 0.993
     2
  0.58
 2.645
  2.12
 2.231
 1.733
 1.379
 0.244
 0.289
 1.319
  2.31
   2.3
 1.247
 0.961
 1.145
 0.333
  1.61
 2.295
 1.255
  0.54
 1.173
  2.12
 0.513
  1.72
  0.51
  2.15
 0.203
 1.937
 1.251
  2.05
  2.16
  2.12
  2.31
  2.16
 0.268
  1.97
  1.13
 0.614
 0.237
 2.753
 0.955
 1.355
  0.55
 2.875
 1.614
 1.468
 1.936
 1.858
 1.643
 1.758
 0.932
 0.881
  0.43
 0.996
  0.72
 0.804
 2.407
 1.043
  0.38
 0.446
 0.299
 1.378
 0.439
 0.554
 1.226
 0.644
 2.894
 0.874
 1.634
 0.652
 0.585
 0.347
 1.138
 1.578
 0.425
 2.754
  1.76
 1.266
 0.063
 1.877
   0.5
 1.699
 0.383
 0.805
 0.686
 0.383
 0.462
 1.132
 1.691
 1.949
 1.028
 1.913
 0.479
 1.607
 0.185
  0.39
 0.452
 0.796
  0.52
 1.394
 0.335
   2.2
 0.946
 1.756
  2.27
  3.15
 2.424
  1.14
 1.393
 1.342
 0.446

  2.28
 1.357
 0.963
 2.611
  1.95
  0.45
 2.201
 0.941
 1.718
 1.089
 2.586
 2.438
 0.382
  1.89
  1.67
 1.941
 1.263
 1.342
 1.345
 2.069
 0.364
 1.256
 0.867
  1.93
 0.566
 1.614
 0.549
 1.217
 1.347
 1.012
   1.1
 1.012
 0.863
  2.12
 0.341
 1.629
 0.958
 2.054
 1.382
  0.46
     2
  2.22
 0.703
 2.312
 1.461
 0.703
 2.013
 0.251
 1.007
  1.49
 2.455
 2.627
 2.676
  1.98
 1.782
 2.354
   0.8
 1.751
 0.867
  1.41
 1.885
 0.978
 1.304
 2.512
  0.93
 0.991
 0.466
 0.374
 2.182
 2.207
 1.636
   2.5
 1.034
 0.781
 2.765
 1.327
 0.698
  1.25
 1.722
 0.334
 1.981
  2.03
  1.54
 0.895
 0.176
 1.892
 0.441
 1.507
 0.335
 2.131
 2.762
 1.981
 2.944
 0.461
 0.609
 1.927
 1.199
 1.065
 1.074
 3.323
 1.008
 2.523
 1.615
  1.75
 2.071
 1.309
 1.828
 2.251
 0.513
  1.05
 1.607
  1.84
  2.05
  1.99
 2.197
 0.591
  1.87
 0.899
 1.995
 0.482
 0.349
 0.729
  0.45
 0.207
 1.986
 0.731
 0.899
 0.927
   2.1
 1.031
 1.364
  2.54
 1.997
  1.17
 4.733
 1.215
 2.453
 2.018
  0.31
 1.657
 1.383
  2.11
 3.269
 2.033
 2.721
  2.33
 3.502
 0.506
 2.586
 1.102
  2.54
  2.26
 0.381
  2.75
 0.553
 0.497
  1.83
 1.424
  2.47
 2.475
  1.96
 2.165
 0.446
  2.02
 1.794
 0.165
  2.17
 2.365
  2.15
 1.929
 4.695
  0.79
 0.287
 2.283
 0.933
 1.088
 2.455
 0.838
 1.401
 1.333
 1.628
  1.53
 0.319
  1.18
  2.19
 1.369
  2.21
 1.559
  1.01

 2.177
 1.002
 0.236
  2.24
 3.036
 0.548
  2.06
 2.073
  2.09
 0.435
 1.878
 1.643
  2.58
 1.334
 2.595
 1.012
 1.155
 2.363
  2.33
   1.4
 3.114
  1.34
 2.319
 0.402
  2.55
 0.966
  2.52
 1.747
 2.334
 2.237
 1.315
  2.33
  2.26
 1.555
   2.4
 1.592
 1.388
 1.449
 0.929
 0.388
 1.389
  2.33
 2.329
 1.352
 2.181
 1.684
 3.803
  2.33
 1.002
   1.5
     2
 1.571

 1.961
 2.325
 2.054
 1.409
  1.98
 3.297
 2.193
   1.9
 2.292
 1.916
 0.418
   2.1
 3.059
  2.57
  0.87
  1.46
 2.929
  1.24
 1.568
 2.543
 2.327
 1.613
 0.723
 0.703
 1.137
 2.711
 1.626
 1.125
 1.798
  0.81
 1.598
 1.337
 1.182
 0.567
 0.085
 1.796
 3.002
  1.28
 0.585
 1.627
  1.38
 1.626
  2.34
 1.278
 0.373
 1.947
 0.872
 1.664
  1.97
 2.139
 2.344
 0.847
 1.065
  0.82
 1.391
  1.59
 2.513
 2.719
  0.15
 0.264
 2.691
 0.857
 2.462
 2.156
 1.486
 2.562
 1.754
 1.205
 2.717
 1.196
 1.159
  1.41
  2.55
 0.374
  2.16
 1.886
   1.8
 1.535
 0.394
   1.1
 0.914
 0.343
 0.307
 1.044
 2.605
 2.225
 1.498
 1.288
  2.83
 1.744
 2.356


 2.746
 3.519
 3.205
 2.076
  1.12
 2.841
 1.604
 1.403
 0.906
 1.836
 0.415
 1.592
 2.119
  2.36
  1.81
 2.275
 0.542
 0.327
 1.551
 1.063
 1.076
 0.103
 0.439
 1.538
 0.627
 2.818
 0.334
 1.505
 2.306
  1.62
 0.464
 1.656
 0.402
 0.654
  2.16
 1.362
  0.24
 1.047
 1.401
  0.33
 0.995
 1.519
 2.092
 2.192
 0.444
 0.645
 1.994
 0.231
 2.241
 1.259
 2.178
 1.868
 2.467
  1.87
  2.61

 1.895
 2.194
 2.193
 2.325
 1.309
 0.965
 1.529
 0.926
   1.4
 1.623
 2.105
 2.864
 2.463
 0.905
  2.16
 0.156
 0.489
 0.276
 0.441
 0.681
 1.632
 1.354
 2.106
 1.401
 2.028
 1.483
 1.524
 2.297
 1.407
 1.761
 2.495
 2.171
 0.748
 0.464
 1.064
 1.971
  0.96
 0.435
 3.193
 1.456
 2.305
 0.549
 1.337
  1.25
 0.398
 0.415
  2.29
 2.022
 0.535
  2.44
  1.87
 2.048
 1.792
 1.289
 1.555
 1.241
 0.268
 2.313
  2.17
 1.036
  0.77
 0.623
 1.677
 1.038
 1.265
 1.735
 1.929
 1.872
 1.828
 2.936
 0.874
 0.827
  3.38
  1.93
 2.402
 1.838
 2.565
 2.136
 0.533
  2.29
 2.142
 1.424
 2.167
 2.835
 0.731
   0.6
 1.771
 1.979
  2.25
  2.29
 1.883
  1.37
 2.242

 0.856
 1.975
  2.88
 1.471
  1.99
 2.219
  2.26
 2.237
 1.415
 1.649
 2.305
 1.122
 1.295
 2.502
 1.995
 2.455
 0.158
 2.245
   1.9
 2.279
 0.194
 2.458
  0.57
 2.178
   0.8
     2
  1.96
 1.581
 0.185
     3
 1.816
 0.637
 0.839
 2.276
 0.706
 2.392
 2.217
 0.237
 2.649
  2.23
  1.34
 1.878
 1.408
 0.573
 2.391
 0.403
 0.512
 0.511
 0.761
 1.079
  1.93
 1.028
 0.649
   1.8
 1.592
 2.875
 1.044
  2.32
 2.263
  2.23
 1.038
 1.904
 0.477
  1.51
 0.644
 1.246
  2.76
 2.246
 1.097
 0.422
  2.42
 1.399
  1.99
 0.332
  1.54
 2.304
 1.988
 2.614
 1.934
  0.47
 1.841
  1.97
 0.918
 2.735
  1.42
 1.377
  2.23
 1.179
 0.415
 0.843
  1.85
  1.51
  0.38
  0.29
 0.623
 1.746
 2.011
  2.38
 0.999
 1.443
 2.319
 0.375

  1.19
 1.217
 2.567
 2.263
 2.246
 2.872
 1.954
 2.363
   2.4
  1.89
  0.92
 2.783
 1.669
 0.723
 1.579
 4.447
 1.884
 0.355
 1.485
   3.1
  2.04
 1.471
 2.824
 1.902
  2.09
 0.238
  1.47
  2.12
   2.4
  1.99
 1.097
 1.573
 0.664
 1.874
 1.544
  2.15
   2.1
  2.76
 0.917
 0.421
  1.82
   2.1
 1.784
 1.596
 0.305
 1.792
  1.62
 1.437
 1.545
  2.09
 0.546
 1.686
  1.87
 0.662
 0.753
 2.316
 1.581
  1.28
 2.038
  1.55
 3.021
  0.86
 2.003
 0.627
 2.003
 0.943
 0.722
   2.2
 2.025
 1.554
 0.394
 2.193
 1.802
   2.3
 2.694
  0.98
 1.873
 0.646
 0.947
 0.922
   2.4
 2.048
 0.944
 1.769
   2.5
 2.192
 2.898
  1.16
 1.122
  1.89
 1.948
 1.362
  0.72
 0.794
  1.32
 1.041
 0.808
  0.58
 0.672
 1.404
 0.449
   2.7
 0.347
  1.22
 1.562
 0.976
 1.632
 1.571
 0.362
   2.2
 1.436
 0.517
 1.073
  1.61
 0.868
 0.315
 1.843
 1.303
  1.59
 1.275
 1.257
 1.262
 0.498
 1.304
   0.4
 2.244
 2.181
 0.885
 0.412
 1.844
  0.75
 1.281
 0.913
 0.336
 2.714
  1.83
  1.03
 1.075
  2.08
  1.06
 0.823
 1.213
 2.054
 2.064
 1.808
 0.881
 1.708
 1.727
 1.832
 1.156
 1.657
 2.293
 1.194
 0.736
 2.085
 1.488
 0.665
 1.046
 1.095
  2.09
 0.641
 1.726
 1.361
 1.184
 1.601
 2.067
 1.299
 2.013
 1.576
  0.46
 1.182
 1.506
 1.234
  1.12
 1.214
 1.948
 1.487
  0.61
 2.216
  1.61
   1.3
 0.458
 0.934
  0.79
  1.32
 1.309
 1.316
 2.297
 1.413
 2.475
 0.397
 2.874
 0.573
  2.36
 2.068
 1.133
 2.039
   0.7
 1.861
 1.379
 1.508
 1.534
 0.549
 0.791
  0.32
 1.395
 0.378
 0.557
 1.766
 1.283
 0.786
 1.315
 1.592
 0.813
 0.491
 0.264
 1.486
 1.985
  0.54
 1.835
 2.075
  0.93
 1.863
 0.718
 0.582
 1.683
 2.796
  1.93
 1.286
  2.29
 0.644
 0.459
  0.45
  1.94
   1.9
 0.601
 1.588
   2.3
 3.147
 0.934
 0.638
 2.871
  1.27
 0.512
  1.96
  2.34
 0.781
 1.436
 0.949
  2.48
 2.068
 0.346
 0.379
  1.82
  1.37
 0.752
  2.07
 0.723
  2.09
  1.85
 1.275
  2.23
  2.01
 2.442
 1.416
 1.241
 0.271
 2.305
  0.62
 2.224
 0.799
 2.106
 0.664
  1.15
 4.897
 1.313
 0.978
 2.043
 0.968
 1.507
 1.778
 1.491
 1.061
   1.9
 1.032
  1.02
     1
 1.843
  0.65
 0.282
 1.426
  1.16
   2.2
 0.878
 0.644
 2.127
 1.898
 1.192
 1.267
 1.863
 1.431
  0.82
 3.231
  0.32
  0.85
 0.792
  0.78
 0.931
 0.425
  4.46
 2.104
   0.5
 2.974
   2.4
  0.87
  2.77
  1.94
  2.38
  2.17
 0.345
  2.42
 1.881
  2.09
  0.74
 1.331
 0.824
 0.538
  0.69
  1.37
  2.05
  0.65
 0.515
 0.187
 1.018
 1.257
  1.35
  1.03
  2.65
   1.5
  1.88
  0.71
  0.52
   1.9
 0.341
  1.52
  2.11
  1.98
 1.924
  1.53
  2.04
  2.08
 0.492
 1.252
  2.25
  1.88
  1.75
  1.97
  1.62
 1.306
 2.059
 0.978
  2.66
 2.075
  1.14
 3.264
 0.384
  2.16
     2
 3.245
  0.82
  2.24
 1.375
  2.99
  2.04
  2.19
   2.3
  1.79
  2.58
  2.28
  2.22
 0.645
 1.667
     2
 1.561
  1.45
 1.922
  2.01
  1.92
   1.8
  0.69
 1.153
 1.355
   2.4
  1.93
 0.774
 0.472
 1.982
 0.627
 1.374
  1.97
 1.709
  2.03
 1.194
  0.86
  2.08
  2.04
     2
 1.956
  0.69
   1.9
  1.23
 2.387
  2.82
  1.76
 0.276
  0.68
  2.88
  1.68
  1.59
   1.8
 1.122
 1.391
 2.436
  1.93
  1.93
   1.9
 1.302
 2.259
 1.297
  1.47
 1.709
  1.71
 4.004
 1.519
  0.91
 1.289
  2.04
 1.633
   0.3
  1.99
 1.293
  1.25
  0.89
     3
 0.395
  0.97
  2.13
  1.62
 0.286
  1.35
 1.821
  0.49
 2.294
 1.759
  1.45
 2.088
  2.43
  0.71
 2.047
  2.06
  3.03
     2
 0.422
  0.79
 1.856
  2.11
 0.973
 0.294
  2.72
 2.289
  0.45
 1.211
  2.65
  3.36
  0.78
  2.79
  2.46
  0.92
  1.55
   2.2
 0.991
   0.3
  2.27
 0.599
  2.43
  2.11
  1.79
  2.53
  1.18
 3.015
  1.54
  1.74
  1.71
  0.85
  2.12
  2.49
  2.28
  1.09
 0.806
  3.08
  1.81
  1.32
  2.16
 0.745
 0.462
  1.81
 2.221
  2.28
 0.704
 1.537
  0.75
   2.1
  1.09
  2.12
  2.08
  2.15
  0.67
  3.16
  2.03
  1.08
  1.07
 2.995
  3.18
  2.61
 0.688
  1.61
 0.155
 2.363
   3.3
  2.87
   1.9
  1.21
   3.1
 0.465
  2.13
  2.42
  1.78
  1.75
  2.21
 3.582
  0.71
 1.493
  0.52
 0.997
  1.36
  2.09
  2.41
  1.87
 1.173
   3.3
 0.863
  2.39
  3.17
 1.004
 1.689
  2.43
  1.65
 0.749
  1.82
 0.428
  1.55
 2.885
 2.584
 1.075
 0.855
 0.507
  1.71
 1.124
   2.8
 1.272
 2.188
 1.035
 1.122
     2
  1.87
  2.33
 0.716
 2.561
   1.6
 0.184
 2.561
  2.31
   2.2
 0.871
 1.618

 1.913
 1.521
 2.084
 2.199
 1.536
 1.301
 0.781
 0.306
 0.327
  2.09
 2.355
  2.09
  2.47
 2.095
 1.498
  2.11
 2.297
 0.704
  2.26
 0.735
 2.721
  1.95
 1.569
  0.74
  1.21
 0.402
 0.406
 2.736
 3.357
 2.461
 2.393
 2.604
 1.459
  2.24
 1.812
 1.747
 0.544
 1.457
 3.353
 2.686
 1.981
  1.56
  2.14
  1.09
 1.435
  1.05
 1.752
  1.77
  4.36
  1.47
   3.1
  0.43
 0.917
 2.169
 0.539
 2.592
 1.628
 0.689
 0.889
   2.2
  0.91
  1.48
  0.61
 0.492
 0.394
  1.93
   1.6
  1.91
 1.129
  2.26
   1.3
 0.538
  0.45
 0.892
 1.055
 0.225
 0.835
 1.014
 0.329
  2.06
 0.354
 1.081
 2.422
   3.7
 1.101
  1.91
   2.3
  1.97
 1.583
 2.308
 1.696
 1.703
 0.549
 2.175
  2.07
 0.949
  2.01
 1.617
 1.162
 1.535
  3.12
  0.53
 2.151
 1.452
 1.144
 1.559
 2.486
 1.111
  3.11
  3.17
 1.954
 0.966
 1.388
 0.444
 0.431
 1.776
 0.991
 0.168
  1.97
 0.224
 2.332
 1.169
 1.344
  2.44
 0.573
 1.624
 0.641
  2.36
  2.12
 1.537

 1.146
 1.886
 1.489
  0.97
 1.061
 2.073
 0.867
 2.534
 1.464
 0.958
 1.412
  0.15
 1.963
 1.442
 1.407
 0.743
 0.986
  0.58
 2.298
 0.528
 1.165
 1.326
   4.2
 1.055
 2.153
 1.446
 0.846
 0.883
 1.352
 0.692
 0.329
 1.937
 2.089
 1.583
 2.432
  2.15
 2.351
  0.37
 0.961
 1.898
  3.51
 2.273
 0.889
 1.511

 2.084
 0.386
 1.287
 1.228
 2.505
  1.25
 0.438
 0.311
 0.993
 1.102
 1.088
 1.881
 1.706
  0.29
 2.958
 2.083
 0.618
 1.866
 1.251
 1.515

 1.322
 0.962
 0.938
 1.731
 2.503
 2.079
 2.425
 1.784
 2.585
  2.45
 1.556
 0.904
 0.878

 0.672
 1.182
 1.179
 1.577
 2.348
 0.783
 0.414
 1.095
  2.96
 1.331
 1.899
 1.651

 1.886
 1.936
 0.554
 1.926
 1.116
 1.906
 2.388
 2.425
 0.264
 1.908
  0.85
 1.068
 0.896
 0.851
 1.217
 1.931
   2.3
 1.243
 2.759
  1.44
  0.78

 2.382
 2.801
 0.298
  1.95
  1.36
 2.518
 2.074
 1.876
  0.97
  1.77
 1.549
  1.76
 0.722
 1.909
  1.23
 2.255
 0.637
 0.107
 0.647
 1.121
  0.33
  3.06
 1.096
 0.394
 1.762
 0.608
 1.865
 1.124
 1.356
 0.539
 1.779
 1.982
 1.928
 1.321
 1.096
 0.882
 1.592
 2.362
 1.291
 2.165
 0.814
 1.086
 0.625
  1.92
 0.646
 2.153
 0.969
 1.014
 1.116
 1.088
 0.507
 2.195
  1.88
 2.103
  1.26
 1.962
 1.324
  1.31
 1.376
 1.325
 1.868
  1.94
 1.922
 1.648
 1.788
 2.513
 2.242
 2.439
  2.53
 2.242
 1.152
  1.05
 1.124
 1.062
 1.113
 1.047
 2.495
 2.558
 1.056
 2.794
 2.313
 1.808
  1.75
 2.122
   1.8
 1.859
  2.94
  1.12
 2.216
  1.01
  0.66
 0.962
  1.76
 2.919
 1.607
 2.517
 1.975
 1.205
 1.333
 1.467
  1.14
 2.467
 3.103
 2.126
 2.035
 1.902
  1.54
 1.877
 1.139
 1.841
 0.385
  1.47
 2.459
 2.285
 1.252
 1.595
  1.54
 1.175
 1.204
 2.351
  2.35
  0.58
 2.079
 1.754
 0.903
  0.78
 1.965
 1.325
 1.095
 1.727
 1.175
 1.367
 1.553
 0.851
  2.21
 1.036
 0.266
 1.185
  0.33
 2.395
 2.504
 0.961
  0.77
 0.274
 1.053
 1.608
  2.24
 2.827
 0.704
 2.699
 2.936
 2.439
 0.517
   2.2
 1.717
 1.754
 1.721
 0.786
 0.326
 2.382
 1.444
  0.81
 1.037
 2.737
 1.527
 0.804
 1.821
 2.911
  3.19
 1.507
 1.067
 1.164
 0.908
 2.386
 2.053
 2.491
  1.65
 1.976
 1.274
  2.35
 1.886
 1.511
 2.424
  2.12
 1.592
 0.766
 1.088
 1.055
 1.675
 2.245
 1.896
  1.14
  1.41
 0.499
 2.215
 0.733
 1.312
 3.095
 1.351
 1.145
  2.34
 1.188
 1.884
 2.235
 1.767
 1.533
   0.9
  1.18
 2.134
 1.373
 0.474
  1.51
 2.401
 1.547
 0.852
 1.362
 0.245
   2.8
 1.884
 0.891
 0.356
 1.844
 0.453
 2.029
 2.031
   2.2
 1.096
 0.509
 1.195
 2.274
  0.29
 0.659
 0.487
 0.963
   1.9
  2.05
 1.825
 0.389
  2.34
 1.913
 2.439
 1.127
 1.241
   2.4
 0.511
 1.313
 2.212
 2.118
 2.158
 1.737
   1.4
 2.039
 1.925
 0.646
 0.552
  1.43
 2.945
 0.752
 0.293
   2.6
 1.438
 0.777
 0.915
 1.928
 2.349
 0.277
 2.288
 0.597
  2.47
 3.268
 1.128
 1.715
  0.34
 0.515
 0.976
 2.696
  2.45
  3.36
  2.44
 3.134
   0.6
 1.829
 2.697
  1.39
 2.073
 1.615
  1.58
 1.884
 1.474
 1.482
 2.084
 1.693
 1.086
 1.426
 1.609
 1.144
 2.303

 0.485
 0.088
 0.564
 0.284
 2.506
  0.31
 1.609
 1.326
 3.707
 1.262
 0.152
 0.332
  3.15
 0.977
 1.121
 1.755
 0.422
 1.018
     2
   2.2
 0.627
 1.865
 1.765
   0.3
   2.1
 0.566
 0.719
 3.147
 2.006
  1.89
 1.234
  1.37
 1.375
 2.064
 0.313
  2.11
 2.349
 1.319
  1.97
 0.416
  3.28
 0.427
 2.571
 3.114
 2.078
 1.865
 0.408
 0.163
   3.1
 1.996
 2.367
  2.24
  2.45
 0.646
 3.174
  2.58
   2.5
  2.97
 0.434
 0.585
  0.32
 2.522
  1.91
  1.43
 3.211
 0.151
 0.164
 1.458
 1.763
 2.246
 0.589
 0.098
     2
  0.38
   2.1
 1.122
  1.96
 0.194
  2.13
 0.661
  2.97
   1.9
  0.66
 0.575
 1.493
  3.18
  0.94
   1.9
   2.1
     3
  3.56
 2.562
   2.3
   2.2
   2.1
 0.882
 1.496
   1.9
 1.008
  2.27
 2.057
  1.82
 2.838
  0.43
  1.78
 3.317
 0.089
 0.918
   1.7
 0.671
   0.5
 1.931
  2.36
 1.648
  2.03
 2.546
  2.35
 3.444
     2
     2
   2.3
   1.8
 0.236
   2.7
  0.75
  0.15
 0.114
  2.35
  1.83
   2.3
 1.552
  2.54
  1.87
 1.057
 1.406
  2.31
 0.985
   2.5
  2.35
 0.821
 2.512
 1.603
   1.8
     2
 0.591
 1.472
 2.015
 0.674
 0.129
 1.439
 1.553
 1.583
 1.832
  0.92
  1.88
 2.261
  0.48
 2.856
  1.16
  1.71
 2.182
  0.69
 0.622
 1.547
 1.595
 2.722
 0.419
 0.265
 0.685
 0.985
  1.16
  2.22
 0.275
 1.906
 1.611
   2.7
  1.57
  1.48
 0.151
 0.407
  3.62
 2.236
 0.871
  2.23
     2
  1.82
  0.78
 0.649
  2.19
  1.84
  1.28
   2.3
 2.775
  0.21
 0.969
   3.2
 0.656
 0.632
   2.2
 0.131
 0.366
 0.805
     2
 1.522
 1.082
 1.421
  3.42
 0.086
 1.833
 1.478
 0.221
  1.71
  4.31
 0.204
 2.106
 0.363
  1.88
 0.402
 0.659
  1.18
 1.092
 1.925
  3.01
 1.005
 0.766
  0.87
 0.853
 2.078
 1.533
 0.362
 1.023
 3.353
 2.331
 1.116
 1.316
 1.263
  2.45
  1.94
 2.626
  4.35
  2.14
 0.966
 1.203
 0.583
 0.325
 2.042
 1.274
 2.062
 0.144
 1.674
 0.697
   1.6
 0.334
 1.366
  1.31
  1.01
  0.54
 0.633
 0.436
  1.47
 1.194
  1.29
 0.129
 1.676
  4.24
  1.09
 0.936
   1.4
 0.386
 0.821
 0.276
 0.718
 1.408
 0.804
 1.644
 0.317
 1.446
 0.797
 1.159
 1.857
 0.077
 1.418
  0.62
 2.056
 1.169
 1.815
 2.221
  1.57
 1.359
 0.678
 0.754
 1.084
  4.42
  1.86
 2.386
  1.43
 0.885
  1.38
 0.296
 0.753
 0.938
 2.145
 2.576
 0.851
 1.899
 2.669
   1.5
 0.858
 2.226
 3.535
 1.496
 0.827
  0.78
 1.005
 1.773
 2.451
 1.092
 1.794
  1.17
 0.732
 0.397
 1.017
 1.923
 0.675
 1.183
 1.812
 0.267
 0.697
 2.068
   1.4
   2.2
 2.206
 2.151
 0.549
  1.42
 1.734
 0.775
 1.776
 0.672
 2.928
 0.832
 1.627
 0.178
 0.042
  1.24
 0.292
 0.315
  0.21
 1.079
 2.208
 0.065
 0.907
  1.93
 1.314
 0.469
 1.161
  2.17
 0.627
 2.849
 3.249
 0.314
  0.58
  1.81
 0.114
 0.773
 0.938
 1.249
  3.15
 2.149
  2.04
 3.062
   2.3
 0.904
 1.976
 3.163
 0.338
 0.404
 0.794
  0.93
  3.96
  2.55
  1.59
  3.67
 0.835
 0.118
 1.022
 0.318
 1.833
     1
  3.06
 1.291
  1.41
  2.42
   1.9
  1.16
 2.792
 3.073
 0.706
 0.299
  1.79
 0.587
  2.31
 0.876
  2.14
 0.354
  2.13
   2.2
 1.387
 4.301
 1.262
  1.82
 1.316
 2.995
 2.293
 1.191
   2.4
 0.796
   2.1
  1.72
   1.9
 1.105
 3.218
 0.828
 2.107
 1.849
 2.106
  0.31
 1.966
   1.8
 1.887
   2.1
  2.42
  0.36
 3.053
 2.878
 1.546
 1.513
 3.112
  0.37
 1.341
 1.392
  1.56
 0.384
  1.48
 0.491
  1.81
 0.669
 1.487
 1.942
  0.96
 0.608
 2.693
 2.088
 2.382
 2.114
 1.401
 1.853
 2.428
 0.976
 2.308
 1.378
   1.8
 1.551
  0.63
 1.651
 1.555
 1.835
 0.137
 2.156
 1.834
  2.12
 0.882
 1.903
 0.044
 0.313
  0.76
 1.818
 2.114
  1.45
 1.402
  1.08
   2.1
 1.242
  1.47
   2.1
 1.802
 1.151
 2.807
 0.799
 1.639
 1.215
 1.131
 0.137
 1.497
 1.572
 1.281
 1.696
  2.11
 1.133
 2.239
 0.167
 1.826
 1.916
 0.286
 2.052
 1.212
   3.1
 2.477
  1.58
 1.003
 1.428
 1.278
 0.768
 0.084
 1.919
 1.228
 0.867
  1.44
  1.31
 2.567
 1.746
 1.014
 0.502
  2.02
 1.879
   2.1
  2.16
 1.879
  1.76
  0.71
 1.324
 1.539
 0.628
  1.76
  0.55
 0.146
 0.331
  0.34
 0.959
 1.924
 1.527
 0.502
 2.873
 1.919
  0.55
 1.909
 1.358
 1.687
  1.38
  0.23
 0.345
 0.253
  0.45
 1.428
 0.099
 3.074
  1.57
 1.479
 2.025
 3.418
  1.94
 0.899
   2.7
 0.926
  2.58
 0.771
 1.435
  0.31
 1.895
 1.119
 0.645
 1.968
 2.125
 1.924
 0.772
  0.33
 2.563
 3.115
  2.53
 1.661
 2.081
 0.862
 0.992
   1.7
 3.312
 2.371
  2.83
 1.255
 0.972
  2.27
 0.858
 2.182
 1.277
   0.4

 2.042
     2
 2.859
  1.81
 0.266
  1.89
 1.737
  0.48
 2.169
   1.7
 0.412
 1.442
  1.42
  2.15
 1.309
 3.544
 0.968
 2.045
 1.422
 1.465
  1.29
 0.436
 1.901
 0.348
 2.749
  1.96
  1.32
  0.25
 1.869
 0.366
 1.728
 1.878
 0.953
   1.1
  1.29
 1.854
 2.145
 1.192
 0.285
  1.34
 0.119
 0.483
 1.324
 1.389
 2.658
 1.947
 0.942
 1.772
 1.646
   3.9
 1.602
 2.818
 1.168
 2.195
  2.32
   2.4
 2.581
 0.623
  2.49
 1.952
 0.759
  1.61
 2.237
 3.136

 1.263
 2.269
  2.82
  1.38
  2.27
 3.188
 0.538
 3.224
 1.481
  2.31
 1.324
 2.028
 2.858
 1.942
 1.624
 2.996
  1.62
 1.813
 2.066
 1.842
  2.04
 2.323
 2.717
  1.97
 3.203
 1.392
 2.116
   1.8
  0.97
 0.888
 1.985
 1.039
     2
  2.56
 1.226
 0.346
   0.9
 1.561
  2.29
 2.369
 3.123
 0.951
 0.625
 0.457
 0.289
 2.102
 1.401
  1.63
 0.129
 0.395
 0.131
   3.4
 0.298
 1.855
 1.524
 2.502
 2.001
 1.087
 2.729
   1.6
   2.6
 3.217
  0.27
 2.996
 0.855
 0.152
  1.71
 1.339
 2.086
 0.268
 2.347
 0.114
 0.555
 3.471
  3.05
 1.473
 0.203
  1.97
  0.87
 1.316
  2.16
 1.354
  1.12
   3.2
 0.927
 1.323
  1.44
 0.779
 1.409
 1.193
   2.3
 0.552
   1.9
 0.525
 0.786
 3.035
 2.467
 2.521
 0.857
 1.124
  2.55
 2.607
 0.815
 2.183
 0.204
  2.32
 1.521
 1.925
 0.262
 0.132
 3.096
   1.1
  0.41
 1.214
 2.662
 2.478
 1.949
 1.461
  0.96
 0.394
 1.246
 1.257
 1.603
 0.257
 1.167
 2.108
 1.246
 2.156
 0.256
 1.322
  1.63
 1.925
 1.138
 1.792
 1.478
 1.926
  2.15
 1.961
  1.96
 2.037
 1.479
  2.94
 1.888
 0.653
 2.152
 1.023
 0.638
  2.81
  2.15
  1.57
 1.082
 1.685
 1.337
 2.989
  2.37
 0.988
 2.796
   2.8
  1.68
  1.85
  2.07
  1.49
  2.43
 3.222
  2.43
 1.336
 0.985
  1.76
 1.814
 1.142
  1.84
  1.09
  1.71
  1.74
  2.03
  1.92
  2.89
 1.897
 1.731
  2.37
  0.89
  2.11
 2.132
 0.561
  1.75
   2.9
 1.486
 1.961
 1.961
  1.83

  2.54
 0.852
  1.64
  2.26
  1.95
 2.416
 1.426
  0.74
     2
 2.141
 2.613
 1.841
 0.751
  1.29
  0.36
 1.222
 1.864
  2.01
 1.898
 1.462

 0.461
 1.513
 1.044
 2.248
 1.673
 1.595
 1.965
 2.372
 1.097
  1.38
 1.302
 1.183
 1.666
 1.625
 2.167
   1.6
 2.029
 2.253
 2.416
 1.305
 2.764
 2.614
 1.756
  0.54
 1.005
 2.156
 0.871
 0.878
   3.7
 0.625
  2.18
 2.327
 2.529
  1.86
  1.58
 1.595
 1.466
 1.414
 2.381
  2.82
 1.998
 0.594
  1.24
  1.36
     2
  0.83
  2.26
     2
 2.385
 0.443
 0.704
  1.57
 1.083
 0.594
 2.113
 1.358

  1.24
  1.37
 2.179
 1.377
 1.436
 0.608
 0.928
 1.292
  1.97
 1.268
 1.451
  3.79
 2.145
 1.877
 3.831
 3.692
 0.259
 0.586
 1.083
  1.74
  0.29
   0.8
 0.503
  1.29
 1.936
 1.622
 0.621
  1.32
 0.887
 0.949
 0.795
 0.175
 2.174
 2.722
  0.29
 0.994
 0.164
 1.424
 0.538
 2.459
 1.358
  1.93
 2.015
 0.371
 0.646
 2.576
 2.518
  2.43
 0.208
   1.6
 0.471
  1.96
     3
 0.187
 0.154
  1.09
 1.129
 0.111
 0.777
  1.94
  1.36
 0.311
 0.579
 1.083
  1.84
  2.31
 0.263
 0.838
 0.546
   2.4
   1.7
 1.641
  2.14
   1.6
 0.175
   2.2
   1.8
   2.3
 0.206
  0.29
   2.2

  0.68
  1.87
   2.3
   2.5
   2.2
   2.1
   1.9
  0.66
   2.1
 0.815
 0.714
   1.9
 2.429
 0.833
 0.293
   2.1
   1.9
   2.2
 1.386
 0.632
 1.038
 1.111
 0.856
 0.902
 0.976
  1.27
 1.207
  1.27
 0.075
 1.545
  3.24
 1.379
 0.523
 0.372
 1.057
 1.702
 3.889
  2.41
 1.516
 0.392
   1.9
  2.43
 0.145
   0.3
  0.32
  2.31
 0.507
 0.871
  0.55
  1.42
 1.721
  4.32
     2
 2.092
 0.053
 1.271
 0.663
 0.136
 1.522
 0.461
  0.83
  1.76
  1.09
  0.95
 0.601
  2.23
  0.31
 0.733
 0.628
 0.297
 1.364
 0.287
  2.17
 0.692
  1.08
 0.123
 0.842
 0.092
 0.594
  2.31
  2.43
  2.39
  2.31
  2.77
 2.827
  1.98
 1.356
  2.14
 0.958

 0.475
  1.21
 0.657
 0.509
  2.56
  2.12
  0.46
  1.69
 1.578
 0.161
 0.354
 0.271
 0.635
 0.394
 1.758
 1.918
 0.398
 0.364
 1.098
 0.303
 0.061
 0.649
 1.864
 0.966
 1.657
 3.787
  3.17
 3.051
 0.528
 0.466
  1.23
  2.17
 1.242
  0.63
 0.233
  0.65
 3.783
 0.868
  2.29
 1.457
 1.325
 1.736
 0.589
 0.177
  1.18
  2.37
 2.845
 0.978
 2.191
 3.273
 3.273

  0.55
 0.185
 0.469
 1.048
 1.299
 1.465
  1.05
  2.21
  2.33
 0.463
 0.697
  1.92
 0.455
  3.41
   1.9
 0.256
  1.09
  3.01
 1.687
  2.32
   1.7
   2.1
 0.609
   2.3
 1.574
   0.7
  2.26
 2.783
     3
  2.27
   1.4

  2.27
  2.29
 0.104
 0.271
 2.276
  2.07
  0.89
 0.035
 0.434
  3.32
   2.3
  2.44
  2.47
  2.88
  2.86
  3.35
  3.18
  2.69
  3.24
   3.1
 0.942
  1.19
 1.932
  3.12
   2.1
  2.86
  0.68
 3.799
 3.198
 2.367
  2.26
 3.214
 1.145
  1.61
  3.27
  2.34
 1.397
  3.04
  3.49
   0.8
  2.48
  2.59
  3.06
 1.112
 1.176
 0.281
 1.489
  3.03
  3.31
  2.24
   1.3
  2.64
 2.063
 0.051
   2.4
  2.69
   0.7
  2.12
 1.015
  3.17
 0.221
  0.96
  3.28
  3.09
 1.227
  2.21
   1.8
  2.75
  2.04
 1.229
 0.524
 1.055
  2.25
  1.59
  2.33
 1.383
   1.5
   2.1
 0.555
  2.64
 1.376
  1.75
   0.9
  2.16
 0.457
 2.401
 0.878
  2.18
 1.708
  2.37
 0.398
   1.7
   1.4
 2.543
 1.514
  2.43
  1.14
   2.1
  0.72
  1.13
 2.463
 0.509
  2.62
 1.001
 1.249
 0.946
 2.053
 2.541
 2.041
 1.318
  1.28
  0.98
  2.16
  1.68
 0.597
  2.34
 1.498
 2.062
 0.748
  1.48
 2.255
 2.313
  2.98
  1.71
  2.94
   1.8
   2.7
   2.3
   2.9
  1.72
 2.194
 1.332
  3.14
  2.66
  0.62
 2.123
  1.99
  2.43
 2.201
  3.11
 3.064
 1.375
 2.931
 1.054
 0.728
 1.785
 1.464
  2.95
  2.73
  2.21
  3.17
     1
 1.715
 0.919
  3.08

 2.375
 2.989
  0.84
 1.941
 2.493
 2.869
  1.24
  2.95
 1.591
 0.739
  2.26
 2.963
  1.65
 1.949
 0.113
     1
 1.047
 0.758
 1.347
 1.735
 0.947
 0.887
  2.95
   2.3
 2.103
 2.266
 1.353
 0.953
  3.06
 2.436
 2.465
  2.37
   2.6
  2.45
 1.425
 0.552
 0.986
 0.858
 1.384
  2.29
   1.4
  1.67
 1.549
 0.481
     1
  1.96
 1.353
 1.586
 2.034
 1.589
 0.542
 1.239
 0.705
 0.873
 2.454
 1.395
 0.057
 1.935
 1.411
 2.495
  2.19
 2.948
 1.625
 1.323
  0.34
 1.293
 2.201
  0.82
 1.961
 2.322
 1.733
   2.5
 0.304
  2.26
 2.028
   2.3
 3.194
  3.82
 2.766
  1.59
   2.2
 1.601
 2.188
 1.137
 2.503
 1.306
 1.888
 3.266
  2.53
   2.1
 0.698
  0.68
  0.41
   2.2
  2.01
  0.86
 0.654
 2.214
 1.577
   2.4
 0.584
 1.136
  2.85
 2.156
  1.28
  0.98
 1.116
 1.116
 0.967
 1.382
 1.888
  2.58
 2.122
 2.015
  2.44
 0.799
 1.722
 1.285
  2.88
 1.536
 2.674
 2.713
  2.41
  2.59
 1.104
 0.871
 1.241
 0.578
 2.001
 0.961
  2.61
 0.986
  0.99
  0.92
 0.436
 1.229
 0.623
 1.434
 0.501
  3.19
 0.835
 1.905
 0.831
 1.087
 0.311
 1.025
 1.025
 1.984
  1.26
 1.942
 0.063
 1.375
 1.286
 1.452
  2.18
 0.435
  3.58
  2.49
  1.03
  2.23
 2.034
 2.011
 2.204
  2.95
 2.244
  0.74
 1.306
  2.46
 2.634
  2.35
  1.46
 0.725
  3.04
 1.556
 1.324
 2.645
  1.58
  1.63
 1.498
 0.793
  1.43
  2.33
 1.234
 1.215
  2.01
 0.708
 1.978
 2.719
  3.19
 1.966
  0.98
 2.272
 1.647
  1.72
  1.92
 2.093
 2.483
 0.684
 1.414
 3.196
 1.993
  1.89
 2.146
 2.769
 0.507
  0.52
  2.79
   2.3
 1.258
   1.6
 0.925
 1.377
  2.42
 1.629
 1.003
  2.76
  2.47
  3.34
  4.26
 2.898
  4.18
 0.805
 0.837
 1.932
 0.888
 1.448
 0.868
 0.985
  1.85
   2.2
  1.56
 2.838
 1.571
 2.745
 0.844
 1.097
 3.065
  0.88
 0.604
  2.61
 1.351
  1.55
  1.37
 1.106
 1.292
   0.2
 1.804
 0.635
 0.704
 1.505
  2.24
  2.53
  1.34
 0.528
  4.36
   1.9
 1.903
   3.1
 1.832
 1.845
  0.35
 2.214
 0.929
 0.257
 1.935
 3.578
 0.308
  2.11
   2.1
 1.469
 0.505
   1.7
 0.819
 1.097
 2.148
 0.646
 0.461
 0.842
 2.427
  1.46
 1.124
  1.51
 1.343
 1.695
  0.26
 0.485
 1.174
  3.56
 1.105
 1.915
 2.495
 1.645
 2.113
  2.25
 1.438
  2.31
 1.964
 2.039
  3.84
 0.632
  3.38
   2.2
   2.8
  2.29
   2.3
  1.32
 0.599
 2.164
 1.104
  0.87
 1.417
 2.357
   3.1
 0.425
  2.58
 0.762
  3.17
 2.302
 1.197
 2.013
  2.21
  3.22
  3.34
  3.23
  2.74
 2.185
 0.344
 1.394
 1.671
  1.35
 1.453
 2.429
 1.331
  1.28
   2.4
  4.46
 1.308
 1.379
  0.32
  3.06
  3.25
  3.18
 0.548
 0.171
 1.688
 0.213
   1.8
 0.463
   2.2
  0.55
 1.025
  2.05
 1.387
     2
 1.866
 0.103
 1.118
 1.277
   0.7
 2.055
   2.3
 0.684
 1.113
 1.139
 2.081
   2.2
  2.61
 0.999
  0.29
   2.5
   1.8
  0.52
   2.7
  2.13
 1.364
 2.304
  0.74
  2.29
 1.538
 2.345
  2.32
  2.07
  1.98
     2
  2.58
  2.15
  2.23
  2.09
  2.41
  1.02
  1.97
  2.24
   2.8
  1.33
  0.38
  1.59
 1.849
  2.43
  2.23
   2.3
  2.28
  2.08
  2.27
 1.309
  2.98
  0.55
 1.512
 0.668
  2.54
 2.035
  2.07
 0.761
  2.32
 1.631
  1.95
 0.575
 1.423
  2.18
     2
 1.812
  1.88
 0.672
  0.56
   1.9
 2.005
   2.1
   2.2
  2.22
 1.759
 0.362
 0.832
  2.21
  2.39
 1.671
   1.5
  2.96
 1.959
   2.9
  1.89
  1.82
  2.58
  1.88
 1.424
 1.368
 1.896
 1.884
   1.8
   1.9
 0.849
 1.206
  1.93
 1.198

  2.85
  0.73
  1.44
  1.91
  0.38
 1.142
   2.7
 2.079
 0.687
 2.266
  0.92
  1.24
 1.729
  1.95
  2.13
  1.67
  0.16
 0.364
  2.21
  1.75
 0.807
  1.65
 1.412
  1.17
  2.65
 2.024
 1.578
  1.51
 0.728
 0.815
 1.155
 1.045
 0.812
  2.43
 1.493
 2.119
  1.36
  2.01
 1.622
 1.903
 2.042
 0.083
 2.118
 1.713
  1.59
  1.16
 1.277
 0.298
 0.671
 1.165
 0.988
 1.076
 1.288
  2.07
 1.168
  0.81
 1.254
 1.982
 2.028
 0.615
 1.654
 1.814
  2.43
  1.98
 1.921
  2.86
 2.174
  2.27
  1.54
 2.086
 0.969
 1.123
 0.873
 0.842
 2.094
  2.26

 1.473
  1.77
  1.77
  2.18
  1.59
 0.976
 1.808
  1.77
 2.194
  2.87
 0.855
  2.21
 0.497
 0.291
 0.626
 2.273
  2.49
 1.179
 2.796
 4.406
 1.665
 2.116
  2.42
  1.59
 0.619
 1.046
 0.972
 0.976
 0.649
  2.33
 1.363
  3.25
 2.728
 0.577
  2.08
 2.757
  1.81
  2.29
 1.798
  1.46
 1.063
  2.11
  1.94
  2.82
 1.923
 3.155
 1.689
  1.56
  2.61
 0.506
 1.206
 2.725
  1.71
 2.635
 1.546
 1.373
   2.1
  2.56
   1.6
 1.716
   2.1
   1.4
 1.288
  0.66
 0.618
 2.559
 0.682
 1.584
 2.078
 1.877
 1.493
 1.062
 2.157
   1.5

 0.976
 1.835
  1.95
 2.171
 0.371
  1.58
 1.515
 2.183
  1.07
 1.119
 1.748
 2.454
 1.978
 1.123
 1.128
 1.168
  0.97
 1.296
  1.22
 2.067
 1.532
 1.708
  1.94
  2.68
 1.282
   2.8
  1.21
  1.83
  1.49
 0.392
   2.4
 1.502
  1.97
 1.225
  0.31
  0.32
 0.484
  1.46
  1.36
 2.092
  1.94
  1.95
 1.714
   2.2
  1.87
  1.96
  1.28
 1.833
   2.1
 1.557
  0.45
  2.32
   2.4
  1.18
  2.16
  1.68
  0.48
  0.91
  2.93
   3.1
 0.905
  1.61
 1.952
  1.91
  1.96
 2.021
 0.296
  1.18
 1.159
 2.706
 0.624
 2.217
  2.28
 1.046
 0.948
  2.15
  1.75
  2.11
  0.51
  1.33
  1.92
  2.12
  1.63
 1.684
 0.396
 0.067
  1.52
 0.899
   1.9
  2.53
 2.515
 2.316
  1.77
  1.59
 0.241
 3.581
 1.356
 0.901
 2.216
  1.46
  1.52
 2.406
 0.228
 0.623
  1.86
  2.21
 0.655
 1.524
   1.2
 0.503
  2.05
  1.97
  2.19
 2.441
  0.72
 0.562
 0.216
  2.08
  1.99
  1.31
  2.36
 2.022
  1.56
  1.45
 0.298
  1.26
  0.83
  1.96
  1.58
  2.01
 0.617
  2.72
 2.204
  1.96
 2.324
  1.88
   1.8
 1.497
  1.52
 1.953
  2.18
 1.221
  2.18
 1.404
 1.866
 0.261
  1.87
  1.37
 2.342
  2.12
  2.09
  1.95
  2.34
  1.24
  2.58
  1.91
  2.11
 1.852
 2.318
  1.67
  1.92
  1.94
  2.02
  2.15
 1.981
 3.273
  2.41
 0.868
  1.19
  2.15
   2.1
  1.99
  2.06
 0.446
  1.92
  2.03
 1.562
  1.26
 0.283
  1.89
 1.883
  1.42
  1.54
   1.4
  1.76
 3.438
 0.323
  1.41
  1.46
  1.75
 1.326
  1.65
 3.129
 1.118
 1.816
  2.08
   2.3
   2.2
  1.36
  2.47
  2.06
 1.546
   2.4
  1.98
 2.147
 1.037
 2.262
  2.33
  1.53
   1.2
 1.286
  1.88
 1.274
  1.63
  1.91
 1.209
 3.015
 1.909
   2.1
 1.905
  2.46
  0.85
  0.76
 1.407
   2.1
 1.443
   2.2
  0.51
  2.09
 1.021
  1.58
 1.597
 0.325
  2.43
  2.25
 3.298
 1.505
 0.795
 3.215
   2.3
  2.14
 1.345
  2.37
 1.641
 1.849
  1.88
  2.01
  1.82
 1.294
 0.529
   1.9
  2.34
  1.53
 0.568
  4.23
 0.361
 1.455
 1.388
  0.79
  2.45
 0.529
 1.066
   1.5
  2.04
  1.05
 1.056
  1.67
  4.55
 1.844
   2.2
  2.12
 2.168
 1.695
 2.034
 0.713
   2.2
 0.967
 1.871
 2.024
 0.714
 0.854
 1.923
 1.675
  1.36
   2.2
   2.1
  2.44
  1.44
  1.83
 1.707
  1.45
   2.1
   2.4
  0.68
  1.44
 1.234
 3.554
 0.839
   2.8
     2
     3
     2
  1.29
 0.764
  2.08
   2.3
  2.01
 0.184
  1.82
 0.455
 2.131
 1.409
  1.19
 1.394
 1.958
 0.319
 0.113
   2.7
  2.29
 1.274
 1.348
  0.63
 1.405
 2.314
  2.19
 1.962
 0.973
  2.29
  2.03
  2.18
 2.852
 2.252
 1.051
 1.156
 1.968
  1.44
  1.83
 0.801
 0.736
 0.364
 1.892
  2.02
  2.84
  2.54
 1.026
  1.94
 2.268
   0.1
 1.307
   2.7
 2.051
 1.128
 0.767
  2.12
  1.04
 0.237
 2.075
  1.71
 1.797
 2.559
  2.61
  0.82
 0.315
 1.761
 0.371
 2.324
 1.688
 0.219
 0.832
 0.135
  2.84
   2.9
 1.718
 1.572

   3.2
  2.35
  2.08
 0.859
 1.016
 0.068
 2.327
 0.323
 1.341
 0.677
 0.543
 0.147
 1.476
  1.33

 0.563
 1.374
  2.28
  2.64
 1.091
 2.089
 1.149
 0.336
 0.926
 2.663
 2.141
   2.2
 1.527
 1.481
  2.05
  1.66
  1.09
  2.77
  2.84
  2.49
 1.943
 0.512
  2.06
 2.647
 1.268
 0.047
 1.052
 1.435
 0.651
 0.384
 1.157
 1.139
 1.557
  0.36
  2.63
  2.14
 0.313
  1.31
 1.841
  0.39
  2.08
  2.23
 1.817
 0.432
 1.447
 0.479
  1.92
  2.17
  0.34
 0.742
 3.048
 2.883
  2.17
  1.56
  2.28
  1.86
   2.9
  3.35
  2.78
 1.847
  0.22
  2.37
 0.659
   3.1
 2.448
  1.08
 0.549
  1.41
 1.897
  1.92
  2.02
  2.03
  1.69
  2.83
  2.07
  1.88
 0.623
 1.968
     2
 0.212
 3.195
 1.253
  0.42
  0.37
  2.09
 2.041
 2.546
 1.411
  0.37
  2.28
  0.37
 1.965
     2
  0.36
  2.43
   2.1
 2.465
 0.875
 1.015
  2.41
 1.306
 0.518
 0.221
 0.478
  1.22
 1.809
 1.489
 2.265
 0.252
 2.797
   1.9
  1.53
 1.893
 1.153
 1.853
 1.195
  1.84
  2.17
  0.97
 1.359
 3.281
 0.319
 4.093
 1.534
  2.02
  2.14
 1.184
 1.871
 2.193
 2.243
 1.441
 1.072
  2.28
  0.03
  2.19
  2.29
  2.43
 2.591
  2.64
  2.31
  1.78
  2.37
  1.37
 0.896
  2.32
  2.18
  1.97
  2.35
  2.14
  2.34
 1.366
 0.137
  1.66
  2.06
   1.4
   1.9
  2.28
 2.825
  1.96
  1.77
 2.784
  1.57
  3.01
   2.7
  2.16
  1.88
   2.9
   1.7
  1.54
  2.04
 2.515
 2.763
 0.673
 3.143
  1.89
  2.06
  2.22
 2.386
 0.576
   2.1
  3.06
 2.653
 2.147
 2.152
  2.65
  2.41
  0.44
  1.96
  1.85
  1.54
  1.48
  2.52
  1.53
   1.8
  2.27
  3.32
  2.48
  2.35
 1.032
  2.12
  1.84
  0.45
   2.9
  1.39
  2.99
 0.504
 3.014
   1.5
  2.27
  3.31
  1.89
  1.61
 1.997
 0.749
  2.21
 1.951
 2.496
  0.34
  2.23
  2.04
 0.173
 1.356
  2.26
  2.45
 2.362
   2.2
 1.229
 0.659
  2.16
  2.26
  2.17
  0.38
 1.971
  0.46
 1.621
 1.617
  1.43
 0.768
 0.761
 0.993
 0.561
  1.89
 3.131
  2.37
  0.39
 2.379
   2.1
  0.81
 0.463
  2.21
 1.992
  1.99
 2.675
 2.022
 2.069
  0.39
  1.92
  0.72
  2.18
 0.271
  0.42
  1.89
  0.84
  2.24
 0.702
 1.868
 2.188
 0.558
  0.36
   1.3
 1.801
 0.731
 1.716
 1.062
  0.89
 0.672
 2.211
 0.999
  0.33
  2.27
 1.816
  2.17
  0.41
  1.71
  0.96
  2.05
 2.073
  2.85
 1.006
  2.84
  2.73
   1.9
  2.37
 0.211
 1.052
 1.622
  1.64
  2.79
 1.802
  1.62
 1.066
  2.31
 1.198
 2.068
 1.119
 2.523
 1.056
 2.704
 0.991
 1.107
  2.07
  0.21
 1.174
  1.56
