

Results from query to  NASA/IPAC Extragalactic Database (NED),
which is funded by the National Aeronautics and Space Administration.
and operated by the California Institute of Technology.


queryDateTime:2024-05-03T21:07:04PDT



Main Information Table for All Sky, chosen by params



Equinox:J2000.0



CoordSystem:Equatorial

No.|Object Name|RA|DEC|Type|Velocity|Redshift|Redshift Flag|Magnitude and Filter|Separation|References|Notes|Photometry Points|Positions|Redshift Points|Diameter Points|Associations
1|ABELL 2744:[CFT2022] GHZ2|  3.49898 | -30.32477 |G|3632586|12.117000 |S1L |     |  0.000|5|0|0|4|6|0|0
2|[YML2022] 5153|  3.49900 | -30.32480 |G|3681452|12.280000 |PSE |     |  0.000|3|0|0|3|3|0|0
3|[DMD2023] 006415|  3.50113 | -30.35719 |G|3054886|10.190000 |PSE |     |  0.000|2|0|0|2|2|0|0
4|[HOO2023] GL-z09-07|  3.51050 | -30.36583 |G|3093859|10.320000 |PSE |     |  0.000|1|0|0|1|1|0|0
5|[YML2022] 0560|  3.51190 | -30.37180 |G|3186794|10.630000 |PUN |     |  0.000|1|0|0|1|1|0|0
6|ABELL 2744:[CFT2022] GHZ1|  3.51193 | -30.37185 |G|3132832|10.450000 |PUN |     |  0.000|6|0|0|5|7|0|0
7|ABELL 2744:[CFT2022] GHZ4|  3.51374 | -30.35155 |G|3135830|10.460000 |PSE |     |  0.000|2|0|0|2|3|0|0
8|ABELL 2744:[CFT2022] GHZ3|  3.52894 | -30.36381 |G|3303713|11.020000 |PSE |     |  0.000|2|0|0|2|3|0|0
9|ABELL 2744:[ZZB2014] JD1C|  3.57753 |  -3.04087 |G|3330395|11.109000 |PUN |     |  0.000|1|0|0|1|1|0|0
10|ABELL 2744:[ZSM2014] JD02|  3.59704 | -30.41213 |G|3147821|10.500000 |PUN |     |  0.000|1|0|0|1|1|0|0
11|[GGF2013] 01972| 34.30457 |  -5.26537 |G|3057884|10.200000 |PUN |     |  0.000|3|0|0|2|1|0|0
12|S-CANDELS J021734.25-051536.2 | 34.39278 |  -5.25991 |G|3006919|10.030000 |PUN |     |  0.000|5|0|14|4|2|0|0
13|[BJD2020] XMM3-3085| 36.74617 |  -5.20486 |G|3225767|10.760000 |PUN |     |  0.000|1|0|0|1|2|0|0
14|[DMM2023] UDF-03216| 53.12167 | -27.83013 |G|3765394|12.560000 |PUN |     |  0.000|1|0|0|1|1|0|0
15|CANDELS J033233.38-274322.2| 53.13911 | -27.72286 |G|3126275|10.428131 |SLS |24.7V|  0.000|7|0|7|4|6|0|0
16|JADES-GS+053.14988-27.77650| 53.14988 | -27.77650 |G|3957261|13.200000 |SLS |     |  0.000|2|0|0|2|4|0|0
17|XDFj 38126243| 53.15883 | -27.77342 |G|3108848|10.370000 |SLS |     |  0.000|6|0|1|6|8|0|0
18|JADES-GS+053.16476-27.77463| 53.16476 | -27.77463 |G|3471597|11.580000 |SLS |     |  0.000|2|0|0|2|4|0|0
19|JADES-GS+053.16634-27.82156| 53.16634 | -27.82156 |G|3777386|12.600000 |SLS |     |  0.000|1|0|0|1|2|0|0
20|[DMM2023] UDF-16748| 53.16862 | -27.79276 |G|3528558|11.770000 |PUN |     |  0.000|1|0|0|1|1|0|0
21|[OBI2013] 43286481| 53.18033 | -27.78003 |G|3117842|10.400000 |PUN |     |  0.000|1|0|0|1|2|0|0
22|MACS J0416-2403:[IZL2015] 8958| 64.02541 | -24.08225 |G|3031502|10.112000 |UUN |     |  0.000|1|0|0|1|1|0|0
23|SPT-CL J0615-57:[NSB2022] 0336| 93.97925 | -57.77215 |G|3057884|10.200000 |PUN |     |  0.000|1|0|0|1|1|0|0
24|MACS J0647.7+7015:[CCS2013]JD2|101.97130 |  70.23971 |G|3207780|10.700000 |UUN |     |  0.000|2|0|0|1|2|0|0
25|MACS J0647.7+7015:[CZC2013] 6c|101.98105 |  70.26058 |G_Lens|3087863|10.300000 |PUN |     |  0.000|5|0|0|4|5|0|0
26|MACS J0647.7+7015:[CCS2013]JD1|101.98221 |  70.24327 |G|3357676|11.200000 |PUN |     |  0.000|4|0|0|2|3|0|0
27|[HOO2023] F200DA-089|110.63513 | -73.46856 |G|4715736|15.730000 |PSE |     |  0.000|1|0|0|1|1|0|0
28|[HOO2023] SM-z12-1|110.63579 | -73.47592 |G|3738412|12.470000 |PSE |     |  0.000|1|0|0|1|1|0|0
29|[DMD2023] 001566|110.66379 | -73.50017 |G|3684450|12.290000 |PUN |     |  0.000|2|0|0|2|2|0|0
30|[ASF2023] SMACS0723_z11a|110.66460 | -73.49451 |G|3312707|11.050000 |PUN |     |  0.000|1|0|0|1|1|0|0
31|[ACF2023] 10234|110.66500 | -73.50172 |G|3423630|11.420000 |PSE |     |  0.000|2|0|0|2|2|0|0
32|[HOO2023] F200DA-006|110.66813 | -73.50286 |G|3147821|10.500000 |PSE |     |  0.000|1|0|0|1|1|0|0
33|[HOO2023] F150DA-031|110.66938 | -73.48347 |G|3582520|11.950000 |PSE |     |  0.000|1|0|0|1|1|0|0
34|[HOO2023] F150DA-007|110.68700 | -73.49822 |G|3294720|10.990000 |PSE |     |  0.000|1|0|0|1|1|0|0
35|[ASF2023] SMACS0723_z10e|110.68877 | -73.49182 |G|3264740|10.890000 |PUN |     |  0.000|1|0|0|1|1|0|0
36|[ASF2023] SMACS0723_z12a|110.69742 | -73.50047 |G|3657468|12.200000 |PUN |     |  0.000|2|0|0|2|2|0|0
37|[DMD2023] 026598|110.71067 | -73.46053 |G|3234761|10.790000 |PUN |     |  0.000|1|0|0|1|1|0|0
38|[ACF2023] 06115|110.71693 | -73.46504 |G|3279730|10.940000 |PSE |     |  0.000|1|0|0|1|1|0|0
39|[ASF2023] SMACS0723_z12b|110.71775 | -73.46539 |G|3675456|12.260000 |PUN |     |  0.000|2|0|0|2|2|0|0
40|[DMD2023] 004063|110.71796 | -73.49233 |G|3132832|10.450000 |PUN |     |  0.000|1|0|0|1|1|0|0
41|[HOO2023] F150DA-018|110.73342 | -73.48942 |G|3849336|12.840000 |PSE |     |  0.000|1|0|0|1|1|0|0
42|[DMD2023] 008347|110.73483 | -73.48348 |G|3567531|11.900000 |PUN |     |  0.000|1|0|0|1|1|0|0
43|[HOO2023] F150DB-048|110.75654 | -73.45500 |G|3714429|12.390000 |PSE |     |  0.000|1|0|0|1|1|0|0
44|[DMD2023] 010566|110.76479 | -73.47967 |G|3606504|12.030000 |PUN |     |  0.000|2|0|0|2|2|0|0
45|[HOO2023] F150DB-069|110.76775 | -73.44839 |G|3594512|11.990000 |PSE |     |  0.000|1|0|0|1|1|0|0
46|[HOO2023] F200DB-086|110.77675 | -73.45550 |G|5135445|17.129999 |PSE |     |  0.000|1|0|0|1|1|0|0
47|[DMD2023] 020757|110.80196 | -73.46715 |G|3201784|10.680000 |PUN |     |  0.000|1|0|0|1|1|0|0
48|[HOO2023] F150DB-031|110.83929 | -73.46008 |G|3474595|11.590000 |PSE |     |  0.000|1|0|0|1|1|0|0
49|[HOO2023] F150DB-026|110.84892 | -73.46128 |G|3111846|10.380000 |PSE |     |  0.000|1|0|0|1|1|0|0
50|[ASF2023] SMACS0723_z16a|110.85996 | -73.46792 |G|4772697|15.920000 |PUN |     |  0.000|2|0|0|2|2|0|0
51|[HOO2023] F150DB-033|110.87729 | -73.45919 |G|3411639|11.380000 |PSE |     |  0.000|1|0|0|1|1|0|0
52|COSMOS2020 0241443|149.50188 |   1.64634 |G|3567531|11.900000 |PUN |     |  0.000|1|0|0|1|1|0|0
53|COSMOS2020 0720309|149.79508 |   2.11166 |G|3357676|11.200000 |PUN |     |  0.000|1|0|0|1|1|0|0
54|[RMT2022] 1031+5052_0602|157.65260 |  50.87370 |G|3165809|10.560000 |PUN |     |  0.000|1|0|0|1|1|0|0
55|[RMT2022] 1142+2647_1280|175.49860 |  26.78070 |G|3645477|12.160000 |PUN |     |  0.000|1|0|0|1|1|0|0
56|GND J-625464314|189.10612 |  62.24217 |G|3284826|10.957000 |S1L |25.8H|  0.000|36|0|1|10|9|0|0
57|GOODS J123652.97+621803.5|189.22070 |  62.30092 |VisS|3472450|11.582846 |SLS |24.8R|  0.000|7|0|18|5|9|0|0
58|GOODS-N:[SWM2014] 33036|189.25829 |  62.30921 |G|3268946|10.904028 |SLS |     |  0.000|1|0|0|1|2|0|0
59|GOODS-N:[SWM2014] 14332|189.27790 |  62.21254 |G|3009167|10.037499 |SLS |     |  0.000|1|0|0|1|2|0|0
60|MODS Kwide 10721|189.34110 |  62.32353 |VisS|3576955|11.931436 |SLS |26.0V|  0.000|3|0|0|3|6|0|0
61|[RMT2022] 1237+2544_0806|189.37490 |  25.74270 |G|3645477|12.160000 |PUN |     |  0.000|1|0|0|1|1|0|0
62|ABELL 1689:[SER2007] c1|197.88271 |  -1.34444 |G|3066877|10.230000 |S1L |     |  0.000|1|0|1|1|1|0|0
63|ABELL 1835:[PSR2004] 1916|210.25025 |   2.87892 |G|2998450|10.001750 |S1L |23.4K|  0.000|6|0|11|1|1|0|7
64|[RMT2022] 1413+0918_1405|213.20920 |   9.30070 |G|3165809|10.560000 |PUN |     |  0.000|1|0|0|1|1|0|0
65|[WES2023] EGS 07860|214.75267 |  52.83665 |G|3036898|10.130000 |PUN |     |  0.000|1|0|0|1|4|0|0
66|[HOO2023] CR3-z12-1|214.79629 |  52.82600 |G|3312707|11.050000 |PSE |     |  0.000|1|0|0|1|1|0|0
67|[WES2023] EGS 14506|214.80717 |  52.86236 |G|3210778|10.710000 |PUN |     |  0.000|1|0|0|1|4|0|0
68|[DMD2023] 006647|214.81113 |  52.81382 |G|3132832|10.450000 |PUN |     |  0.000|1|0|0|1|1|0|0
69|[DMD2023] 000622_4|214.81892 |  52.79649 |G|3378661|11.270000 |PUN |     |  0.000|1|0|0|1|1|0|0
70|[DMD2023] 005268_2|214.83200 |  52.89225 |G|3417634|11.400000 |PUN |     |  0.000|1|0|0|1|1|0|0
71|[DMD2023] 061486|214.84887 |  52.88361 |G|3342686|11.150000 |PUN |     |  0.000|1|0|0|1|1|0|0
72|[DMD2023] 003710|214.85012 |  52.80805 |G|3132832|10.450000 |PUN |     |  0.000|1|0|0|1|1|0|0
73|[HOO2023] CR2-z12-4|214.85358 |  52.88719 |G|3621493|12.080000 |PSE |     |  0.000|1|0|0|1|1|0|0
74|[ADF2023] MSA 0069|214.86158 |  52.90461 |G|3165809|10.560000 |PUN |     |  0.000|2|0|0|2|1|0|0
75|[DMD2023] 020976_4|214.90125 |  52.84699 |G|3132832|10.450000 |PUN |     |  0.000|1|0|0|1|1|0|0
76|[DMD2023] 021071_2|214.90300 |  52.92295 |G|3201784|10.680000 |PUN |     |  0.000|1|0|0|1|1|0|0
77|CANDELS J141937.65+525643.2|214.90689 |  52.94535 |G|3310609|11.043000 |S1L |     |  0.000|3|0|0|3|6|0|0
78|[DMD2023] 026409_4|214.91033 |  52.85503 |G|3567531|11.900000 |PUN |     |  0.000|1|0|0|1|1|0|0
79|[HOO2023] CR2-z12-3|214.92337 |  52.91878 |G|3495581|11.660000 |PSE |     |  0.000|1|0|0|1|1|0|0
80|[HOO2023] CR2-z12-2|214.92738 |  52.91167 |G|3585518|11.960000 |PSE |     |  0.000|1|0|0|1|1|0|0
81|CEERS J141946.36+525632.8|214.94317 |  52.94244 |G|3422431|11.416000 |S1L |     |  0.000|4|0|0|4|7|0|0
82|[DMD2023] 127682|214.99687 |  53.00593 |G|3417634|11.400000 |PUN |     |  0.000|1|0|0|1|1|0|0
83|[DMD2023] 120880|215.04400 |  52.99431 |G|3234761|10.790000 |PUN |     |  0.000|1|0|0|1|1|0|0
84|[STB2016] Anc 01128|215.95813 |  24.07701 |G|3078869|10.270000 |SUN |     |  0.000|2|0|0|2|1|0|0
85|[RMT2022] 1437+5043_0259|219.25110 |  50.71440 |G|3165809|10.560000 |PUN |     |  0.000|1|0|0|1|1|0|0
86|[RMT2022] 1442-0212_0245|220.52780 |  -2.20530 |G|3132832|10.450000 |PUN |     |  0.000|1|0|0|1|1|0|0
87|BoRG 2140+0241_0037|324.89390 |   2.67560 |G|3147821|10.500000 |PUN |     |  0.000|1|0|0|1|1|0|0
88|[HOO2023] S5-z16-1|339.01587 |  33.90464 |G|4919595|16.410000 |PSE |     |  0.000|1|0|0|1|1|0|0
89|[HOO2023] S5-z12-1|339.02800 |  34.00269 |G|3771390|12.580000 |PSE |     |  0.000|1|0|0|1|1|0|0
